1757 Golf Club-Dulles,VA.png
-77.448997,39.008557
-77.45597009398,39.00019377259001
-77.43171000567001,39.00019377259001
-77.43171000567001,39.00230139474
-77.45597009398,39.00230139474
-77.45597009398,39.00019377259001

3 30 Golf  Country Club-Lowden,IA.png
-90.917396,41.85589
-90.92544532705999,41.85443260152
-90.90262021619,41.85443260152
-90.90262021619,41.84972408083
-90.92544532705999,41.84972408083
-90.92544532705999,41.85443260152

93 Golf Ranch-Jerome,ID.png
-114.441458,42.695407
-114.44677190131499,42.68991372747001
-114.417489391965,42.68991372747001
-114.417489391965,42.6895101391
-114.44677190131499,42.6895101391
-114.44677190131499,42.68991372747001

Abenaqui Country Club Inc-Rye Beach,NH.png
-70.765099,42.977428
-70.786018280975,42.971620826155004
-70.762385995295,42.971620826155004
-70.762385995295,42.979378671975
-70.786018280975,42.979378671975
-70.786018280975,42.971620826155004

Aberdeen Country Club-Longs,SC.png
-78.719825,33.925382
-78.73271737591999,33.918229534805
-78.70397298311,33.918229534805
-78.70397298311,33.92876764941499
-78.73271737591999,33.92876764941499
-78.73271737591999,33.918229534805

Abilene Country Club-Abilene,TX.png
-99.742281,32.403663
-99.74629445301,32.396779593075
-99.71844692110001,32.396779593075
-99.71844692110001,32.399425331765
-99.74629445301,32.399425331765
-99.74629445301,32.396779593075

Acushnet River Valley Golf Course-Acushnet,MA.png
-70.885447,41.712772
-70.90721829882999,41.70243567861
-70.87981919737,41.70243567861
-70.87981919737,41.70893791917
-70.90721829882999,41.70893791917
-70.90721829882999,41.70243567861

Adams Municipal Golf Course-Bartlesville,OK.png
-95.909718,36.756839
-95.92045790975999,36.758655143805
-95.88902293425001,36.758655143805
-95.88902293425001,36.759327788514994
-95.92045790975999,36.759327788514994
-95.92045790975999,36.758655143805

Adios Golf Club-Coconut Creek,FL.png
-80.177335,26.326454
-80.18090002256,26.327956242489996
-80.16058612221,26.327956242489996
-80.16058612221,26.32602799059
-80.18090002256,26.32602799059
-80.18090002256,26.327956242489996

Adirondack Golf  Country Club-Peru,NY.png
-73.484721,44.608492
-73.49384656013999,44.601608593075
-73.46599902823,44.601608593075
-73.46599902823,44.610352985884994
-73.49384656013999,44.610352985884994
-73.49384656013999,44.601608593075

Admiral Baker Golf Course-San Diego,CA.png
-117.103797,32.792723
-117.107765609965,32.78516694740001
-117.086285790445,32.78516694740001
-117.086285790445,32.78655708083
-117.107765609965,32.78655708083
-117.107765609965,32.78516694740001

Afton Alps Golf Course-Hastings,MN.png
-92.791315,44.85314
-92.80088899059,44.84912654795501
-92.76855715418,44.84912654795501
-92.76855715418,44.852400089275
-92.80088899059,44.852400089275
-92.80088899059,44.84912654795501

Agawam Hunt-Rumford,RI.png
-71.360672,41.83389
-71.363923121245,41.83153574062
-71.339035230305,41.83153574062
-71.339035230305,41.837230806369995
-71.363923121245,41.837230806369995
-71.363923121245,41.83153574062

Aguila Golf Course-Laveen,AZ.png
-112.142179,33.369142
-112.14969021051999,33.367998502835
-112.12587855266,33.367998502835
-112.12587855266,33.368581461454994
-112.14969021051999,33.368581461454994
-112.14969021051999,33.367998502835

Airco Golf Course-Clearwater,FL.png
-82.684029,27.897031
-82.688715098685,27.890775395705
-82.671091781035,27.890775395705
-82.671091781035,27.892524273495
-82.688715098685,27.892524273495
-82.688715098685,27.890775395705

Airways Golf Course-Fresno,CA.png
-119.706261,36.779259
-119.71726996803,36.780626713355005
-119.69112647183,36.780626713355005
-119.69112647183,36.778339717095
-119.71726996803,36.778339717095
-119.71726996803,36.780626713355005

Alamance Country Club-Burlington,NC.png
-79.488563,36.090451
-79.50257645204499,36.085451000965
-79.47365268705501,36.085451000965
-79.47365268705501,36.087199878755
-79.50257645204499,36.087199878755
-79.50257645204499,36.085451000965

Algona Country Club-Algona,IA.png
-94.251079,43.078095
-94.26128079322,43.08004567294
-94.24096689287,43.08004567294
-94.24096689287,43.07748961840999
-94.26128079322,43.07748961840999
-94.26128079322,43.08004567294

Aliso Viejo Country Club-Aliso Viejo,CA.png
-117.726909,33.600129
-117.7381870263,33.595936175775
-117.71213321619001,33.595936175775
-117.71213321619001,33.596519134395
-117.7381870263,33.596519134395
-117.7381870263,33.595936175775

Adam Springs Golf Course-Loch Lomond,CA.png
-122.723227,38.849236
-122.73387722366999,38.846119408855
-122.71356332332,38.846119408855
-122.71356332332,38.846971425745
-122.73387722366999,38.846971425745
-122.73387722366999,38.846119408855

Allegheny Country Club-Sewickley,PA.png
-80.164326,40.559599
-80.17416904886,40.55428509965
-80.14443810906,40.55428509965
-80.14443810906,40.55827612968999
-80.17416904886,40.55827612968999
-80.17416904886,40.55428509965

Allendale Country Club-North Dartmouth,MA.png
-70.97218,41.621081
-70.98283022366999,41.614556337435
-70.95928762408,41.614556337435
-70.95928762408,41.61540835432499
-70.98283022366999,41.61540835432499
-70.98283022366999,41.614556337435

Allentown MunicipalBenner Fairways Golf Course-Allentown,PA.png
-75.533124,40.596072
-75.55032130824,40.59048904138
-75.52184597370001,40.59048904138
-75.52184597370001,40.58945765038
-75.55032130824,40.58945765038
-75.55032130824,40.59048904138

Almaden Golf  Country Club-San Jose,CA.png
-121.865566,37.214729
-121.88034178381,37.21228505453
-121.85186644927,37.21228505453
-121.85186644927,37.2178007481
-121.88034178381,37.2178007481
-121.88034178381,37.21228505453

Alondra Park Golf Course-Lawndale,CA.png
-118.343756,33.881768
-118.34857662782,33.87784423404501
-118.32602057522,33.87784423404501
-118.32602057522,33.879413739655
-118.34857662782,33.879413739655
-118.34857662782,33.87784423404501

Alotian Golf Club-Roland,AR.png
-92.581795,34.867591
-92.59208647931,34.87250131391
-92.55948558463001,34.87250131391
-92.55948558463001,34.87559548304999
-92.59208647931,34.87559548304999
-92.59208647931,34.87250131391

Alpine Country Club-Cranston,RI.png
-71.547564,41.784463
-71.56592722740999,41.77645851695001
-71.54059090602,41.77645851695001
-71.54059090602,41.78681725938
-71.56592722740999,41.78681725938
-71.56592722740999,41.77645851695001

Alpine Ridge Golf Club-Hollis,NH.png
-71.545956,42.713929
-71.5608214699,42.706103889130006
-71.5301936692,42.706103889130006
-71.5301936692,42.70740433647
-71.5608214699,42.70740433647
-71.5608214699,42.706103889130006

Alta Golf  Country Club-Alta,IA.png
-95.297789,42.6694
-95.30485178007,42.664220628785
-95.28068137785,42.664220628785
-95.28068137785,42.668032286645
-95.30485178007,42.668032286645
-95.30485178007,42.664220628785

Altavista Country Club-Hurt,VA.png
-79.306136,37.078988
-79.31777277065999,37.076274996260004
-79.28185349065,37.076274996260004
-79.28185349065,37.07999696803
-79.31777277065999,37.07999696803
-79.31777277065999,37.076274996260004

Alvamar Country Club-Lawrence,KS.png
-95.290866,38.951239
-95.30976734394999,38.946642588370004
-95.27070905079,38.946642588370004
-95.27070905079,38.95305514284
-95.30976734394999,38.95305514284
-95.30976734394999,38.946642588370004

Alvamar Public Golf Course-Lawrence,KS.png
-95.290857,38.951653
-95.3111036353,38.945800983110004
-95.27025162034,38.945800983110004
-95.27025162034,38.95311039848
-95.3111036353,38.95311039848
-95.3111036353,38.945800983110004

Alwyn Downs Golf Club-Marshall,MI.png
-84.963703,42.254931
-84.96955501785499,42.24952741356
-84.942604346845,42.24952741356
-84.942604346845,42.250738174809996
-84.96955501785499,42.250738174809996
-84.96955501785499,42.24952741356

Amelia Island Plantation-Amelia Island,FL.png
-81.448109,30.554223
-81.46727940222,30.54505259778
-81.43118075003001,30.54505259778
-81.43118075003001,30.556666945470003
-81.46727940222,30.556666945470003
-81.46727940222,30.54505259778

Amelia National Golf  Country Club-Fernandina Beach,FL.png
-81.538277,30.601772
-81.55063125937998,30.599417740619998
-81.51300794366,30.599417740619998
-81.51300794366,30.60224285149
-81.55063125937998,30.60224285149
-81.55063125937998,30.599417740619998

American Legion Country Club-Fort Dodge,IA.png
-94.214702,42.530626
-94.22185446616,42.523473534805
-94.19436567861001,42.523473534805
-94.19436567861001,42.521007166364996
-94.22185446616,42.521007166364996
-94.22185446616,42.523473534805

American Legion Country Club-Mount Union,PA.png
-77.825379,40.364205
-77.84158976124999,40.35745612221
-77.80306958463001,40.35745612221
-77.80306958463001,40.360819349619995
-77.84158976124999,40.360819349619995
-77.84158976124999,40.35745612221

American Legion Golf Course-Kokomo,IN.png
-86.126863,40.458976
-86.1515939398,40.451913220895
-86.13074192291,40.451913220895
-86.13074192291,40.454738331765
-86.1515939398,40.454738331765
-86.1515939398,40.451913220895

American Legion Golf Course-Marshalltown,IA.png
-92.922461,42.03302
-92.93750584208,42.029634350585006
-92.91118297370001,42.029634350585006
-92.91118297370001,42.032190403185
-92.93750584208,42.032190403185
-92.93750584208,42.029634350585006

Ames Golf  Country Club-Ames,IA.png
-93.659206,42.073651
-93.663712726505,42.069816920135004
-93.639004207745,42.069816920135004
-93.639004207745,42.070399878755
-93.663712726505,42.070399878755
-93.663712726505,42.069816920135004

Amherst Country Club Inc-Amherst,NH.png
-71.607847,42.827537
-71.62423713343,42.82204372747
-71.58455103764001,42.82204372747
-71.58455103764001,42.826483187959994
-71.62423713343,42.826483187959994
-71.62423713343,42.82204372747

Anaconda Country Club-Anaconda,MT.png
-112.841347,46.114347
-112.84805103571,46.11584924249001
-112.81697480456,46.11584924249001
-112.81697480456,46.11535596803
-112.84805103571,46.11535596803
-112.84805103571,46.11584924249001

Anaconda Hills Golf Course-Black Eagle,MT.png
-111.273202,47.524918
-111.275197515985,47.517451633490005
-111.252103346845,47.517451633490005
-111.252103346845,47.522160152249995
-111.275197515985,47.522160152249995
-111.275197515985,47.517451633490005

Andalusia Country Club-Andalusia,AL.png
-86.511445,31.315197
-86.52478580636999,31.311228391
-86.5001669737,31.311228391
-86.5001669737,31.31243915225
-86.52478580636999,31.31243915225
-86.52478580636999,31.311228391

Anderson Country Club-Anderson,IN.png
-85.686812,40.122794
-85.69459226879,40.11712135529
-85.67221558837001,40.11712135529
-85.67221558837001,40.11573121993
-85.69459226879,40.11573121993
-85.69459226879,40.11712135529

Anderson Field Golf Course-Streator,IL.png
-88.835691,41.142218
-88.861004899385,41.136365983110004
-88.818897279165,41.136365983110004
-88.818897279165,41.13784580263
-88.861004899385,41.13784580263
-88.861004899385,41.136365983110004

Andover Country Club-Andover,MA.png
-71.163621,42.672057
-71.17992144734,42.668805879720004
-71.15261203197001,42.668805879720004
-71.15261203197001,42.67620498118
-71.17992144734,42.67620498118
-71.17992144734,42.668805879720004

Andrew Johnson Golf Club-Greeneville,TN.png
-82.868088,36.132323
-82.87963508457,36.128399234045006
-82.84909696996,36.128399234045006
-82.84909696996,36.133825241524995
-82.87963508457,36.133825241524995
-82.87963508457,36.128399234045006

Angel Park Golf Club-Las Vegas,NV.png
-115.28682,36.173842
-115.31164062589,36.166420476535
-115.26648367861002,36.166420476535
-115.26648367861002,36.172922717095
-115.31164062589,36.172922717095
-115.31164062589,36.166420476535

Angushire Golf Course-Saint Cloud,MN.png
-94.213636,45.547452
-94.21661806297499,45.547833166365
-94.195496987815,45.547833166365
-94.195496987815,45.548774869344996
-94.21661806297499,45.548774869344996
-94.21661806297499,45.547833166365

Ankeny Golf  Country Club-Ankeny,IA.png
-93.6395,41.72774
-93.65275112027999,41.726148072385
-93.62947757896,41.726148072385
-93.62947757896,41.725206367474996
-93.65275112027999,41.725206367474996
-93.65275112027999,41.726148072385

Annbriar Golf Course-Waterloo,IL.png
-90.200299,38.353804
-90.21274294547,38.351584269755
-90.18202545868,38.351584269755
-90.18202545868,38.35629278851499
-90.21274294547,38.35629278851499
-90.21274294547,38.351584269755

Anniston Country Club-Anniston,AL.png
-85.818524,33.651845
-85.82670785619499,33.65361630076001
-85.802178709615,33.65361630076001
-85.802178709615,33.65204679322
-85.82670785619499,33.65204679322
-85.82670785619499,33.65361630076001

Anthem Country Club-Henderson,NV.png
-115.082238,35.966233
-115.104233514055,35.95984286657001
-115.061767149475,35.95984286657001
-115.061767149475,35.96894600374
-115.104233514055,35.96894600374
-115.104233514055,35.95984286657001

Apache Wells Country Club-Mesa,AZ.png
-111.710286,33.458563
-111.72272994547,33.45333878574
-111.68510662975,33.45333878574
-111.68510662975,33.45822667668
-111.72272994547,33.45822667668
-111.72272994547,33.45333878574

Apple Valley Country Club-Apple Valley,CA.png
-117.227773,34.526018
-117.24142770768499,34.523887955845005
-117.21869228290501,34.523887955845005
-117.21869228290501,34.529134591144995
-117.24142770768499,34.529134591144995
-117.24142770768499,34.523887955845005

Apple Valley Golf Course-Howard,OH.png
-82.35278,40.446031
-82.37024636650999,40.44134490228
-82.34410287031,40.44134490228
-82.34410287031,40.44560499059
-82.37024636650999,40.44560499059
-82.37024636650999,40.44134490228

Applewood Golf Course-Keysville,GA.png
-82.078264,33.194702
-82.08577521052,33.190150431415
-82.05667207335001,33.190150431415
-82.05667207335001,33.191988995295
-82.08577521052,33.191988995295
-82.08577521052,33.190150431415

Applewood Hills Golf Course-Stillwater,MN.png
-92.870033,45.03632
-92.878396228375,45.02939175003001
-92.85395676788501,45.02939175003001
-92.85395676788501,45.02961596429
-92.878396228375,45.02961596429
-92.878396228375,45.02939175003001

Aquarina Beach  Country Club-Melbourne Beach,FL.png
-80.489927,27.922619
-80.49645166353,27.919592094945
-80.47219157522,27.919592094945
-80.47219157522,27.920623484015003
-80.49645166353,27.920623484015003
-80.49645166353,27.919592094945

Arbor Hills Country Club-Jackson,MI.png
-84.482801,42.23247
-84.49676960899998,42.234196457715
-84.47215077633,42.234196457715
-84.47215077633,42.233434124984996
-84.49676960899998,42.233434124984996
-84.49676960899998,42.234196457715

Arbuckle Golf Club-Arbuckle,CA.png
-122.141513,39.011947
-122.14812734962,39.013314713355
-122.12879999626001,39.013314713355
-122.12879999626001,39.013718299794995
-122.14812734962,39.013718299794995
-122.14812734962,39.013314713355

Arcadia Bluffs Golf Club-Arcadia,MI.png
-86.232654,44.4544
-86.256353549765,44.448592826155
-86.224201085535,44.448592826155
-86.224201085535,44.449893273495
-86.256353549765,44.449893273495
-86.256353549765,44.448592826155

Arcadia Golf Course-Arcadia,FL.png
-81.84623,27.24549
-81.85463807142,27.247037085535
-81.83001923875001,27.247037085535
-81.83001923875001,27.246902555435
-81.85463807142,27.246902555435
-81.85463807142,27.247037085535

Arcadian Shores Golf Club-Myrtle Beach,SC.png
-78.775242,33.779135
-78.79477114658,33.775839036675
-78.76091464664,33.775839036675
-78.76091464664,33.78153410242499
-78.79477114658,33.78153410242499
-78.79477114658,33.775839036675

Argyle Country Club-Silver Spring,MD.png
-77.046474,39.096388
-77.06497175654499,39.09385436844
-77.036675794185,39.09385436844
-77.036675794185,39.09327140788999
-77.06497175654499,39.09327140788999
-77.06497175654499,39.09385436844

Arizona National Golf Club-Tucson,AZ.png
-110.783509,32.301368
-110.79626684678499,32.297623606225
-110.762858777295,32.297623606225
-110.762858777295,32.300359031004994
-110.79626684678499,32.300359031004994
-110.79626684678499,32.297623606225

Arlington Greens Golf Course-Granite City,IL.png
-90.03856,38.70783
-90.04526403571,38.702067669200005
-90.0174165038,38.702067669200005
-90.0174165038,38.70291968609
-90.04526403571,38.70291968609
-90.04526403571,38.702067669200005

Armitage Golf Course-Mechanicsburg,PA.png
-76.962152,40.261668
-76.9698425827,40.25760970491
-76.94603092484,40.25760970491
-76.94603092484,40.259627640969995
-76.9698425827,40.259627640969995
-76.9698425827,40.25760970491

Army Navy Country Club 1-Arlington,VA.png
-77.069675,38.859007
-77.08893508831,38.858491305465
-77.06090818422001,38.858491305465
-77.06090818422001,38.86239264941499
-77.08893508831,38.86239264941499
-77.08893508831,38.858491305465

Army Navy Country Club-Fairfax,VA.png
-77.278421,38.860875
-77.288577950175,38.862601457715
-77.25938512691499,38.862601457715
-77.25938512691499,38.864440021594994
-77.288577950175,38.864440021594994
-77.288577950175,38.862601457715

Aronimink Golf Club-Newtown Square,PA.png
-75.413925,40.011178
-75.42269181578,40.00998965979
-75.39179495681002,40.00998965979
-75.39179495681002,40.0142497481
-75.42269181578,40.0142497481
-75.42269181578,40.00998965979

ArrowCreek Golf Club-Reno,NV.png
-119.808559,39.412817
-119.81938859585,39.408086059234996
-119.7865186429,39.408086059234996
-119.7865186429,39.41602327723499
-119.81938859585,39.41602327723499
-119.81938859585,39.408086059234996

Arrowhead Country Club-Caro,MI.png
-83.377661,43.48208
-83.38813185149,43.47515175003001
-83.36288521619001,43.47515175003001
-83.36288521619001,43.47546565038
-83.38813185149,43.47546565038
-83.38813185149,43.47515175003001

Arrowhead Country Club-Edelstein,IL.png
-89.610251,40.923904
-89.61507162782,40.918993687055
-89.58713440982001,40.918993687055
-89.58713440982001,40.922625972735
-89.61507162782,40.922625972735
-89.61507162782,40.918993687055

Arrowhead Country Club-Myrtle Beach,SC.png
-78.952397,33.712117
-78.972397,33.722117
-78.93239700000001,33.722117
-78.93239700000001,33.702117
-78.972397,33.702117
-78.972397,33.722117

Arrowhead Country Club-Rapid City,SD.png
-103.266277,44.04819
-103.27809314283999,44.039423185185
-103.25401242671,44.039423185185
-103.25401242671,44.046015111835
-103.27809314283999,44.046015111835
-103.27809314283999,44.039423185185

Arrowhead Country Club-San Bernardino,CA.png
-117.276583,34.15378
-117.28176237218,34.15052887972
-117.26306282145,34.15052887972
-117.26306282145,34.15478896803
-117.28176237218,34.15478896803
-117.28176237218,34.15052887972

Arrowhead Golf  Country Club-Montgomery,AL.png
-86.144678,32.378926
-86.15138203571,32.376168153215005
-86.12236858463001,32.376168153215005
-86.12236858463001,32.378006717095
-86.15138203571,32.378006717095
-86.15138203571,32.376168153215005

Arrowhead Golf Club-Littleton,CO.png
-105.078342,39.453073
-105.09248998118001,39.44605506394001
-105.06742271806002,39.44605506394001
-105.06742271806002,39.45542725938
-105.09248998118001,39.45542725938
-105.09248998118001,39.44605506394001

Arrowhead Golf Club-Wheaton,IL.png
-88.133359,41.829901
-88.14634106201,41.830596067680005
-88.11768635529,41.830596067680005
-88.11768635529,41.83395929509
-88.14634106201,41.83395929509
-88.14634106201,41.830596067680005

Arrowhead Golf Course At Heritage Greens-Naples,FL.png
-81.711422,26.265659
-81.720054286645,26.260659000965
-81.694448906985,26.260659000965
-81.694448906985,26.265546891905
-81.720054286645,26.265546891905
-81.720054286645,26.260659000965

Arrowhead Golf Course-Spencerport,NY.png
-77.873589,43.201242
-77.89518092664999,43.199381014115005
-77.8658984173,43.199381014115005
-77.8658984173,43.197183703945
-77.89518092664999,43.197183703945
-77.89518092664999,43.199381014115005

Arthur B Sim Park Golf Course-Wichita,KS.png
-97.363053,37.697633
-97.37760456858499,37.69124286657001
-97.353972282905,37.69124286657001
-97.353972282905,37.69299174436
-97.37760456858499,37.69299174436
-97.37760456858499,37.69124286657001

Ascarate Municipal Golf Course-El Paso,TX.png
-106.40151,31.760312
-106.42094946049,31.763204376885
-106.38933511280001,31.763204376885
-106.38933511280001,31.764863568585
-106.42094946049,31.764863568585
-106.42094946049,31.763204376885

Asheville Municipal Golf Course-Asheville,NC.png
-82.501148,35.578462
-82.50986997273499,35.572116709615
-82.48821078103501,35.572116709615
-82.48821078103501,35.577901461455
-82.50986997273499,35.577901461455
-82.50986997273499,35.572116709615

Athens Country Club-Athens,GA.png
-83.413615,33.97446
-83.42121589661,33.968025023525
-83.3915746429,33.968025023525
-83.3915746429,33.970401703945
-83.42121589661,33.970401703945
-83.42121589661,33.968025023525

Atlantic Country Club-Plymouth,MA.png
-70.594211,41.79837
-70.60387467668,41.797764619375
-70.57154284027001,41.797764619375
-70.57154284027001,41.800410358064994
-70.60387467668,41.800410358064994
-70.60387467668,41.797764619375

Atwood Homestead Golf Course-Rockford,IL.png
-89.0594,42.389915
-89.06520717481,42.383031593075
-89.03700089854,42.383031593075
-89.03700089854,42.391237869345
-89.06520717481,42.391237869345
-89.06520717481,42.383031593075

Audubon Country Club-Louisville,KY.png
-85.729906,38.200085
-85.73356070864999,38.19746168235
-85.70732752636,38.19746168235
-85.70732752636,38.198941501869996
-85.73356070864999,38.198941501869996
-85.73356070864999,38.19746168235

Auglaize Country Club-Defiance,OH.png
-84.446294,41.205401
-84.46483659958999,41.199952570515
-84.43115947183,41.199952570515
-84.43115947183,41.206096066715
-84.46483659958999,41.206096066715
-84.46483659958999,41.199952570515

Augusta Country Club-Manchester,ME.png
-69.877786,44.323184
-69.88906402629999,44.31437234214
-69.86265147183,44.31437234214
-69.86265147183,44.32374453758
-69.88906402629999,44.32374453758
-69.88906402629999,44.31437234214

Augustine Golf Club-Stafford,VA.png
-77.477231,38.443683
-77.497231,38.453683
-77.45723100000001,38.453683
-77.45723100000001,38.433683
-77.497231,38.433683
-77.497231,38.453683

Aurora Hills Golf Course-Aurora,CO.png
-104.847101,39.715055
-104.85187678477499,39.71332854325
-104.824029252865,39.71332854325
-104.824029252865,39.712655896609995
-104.85187678477499,39.712655896609995
-104.85187678477499,39.71332854325

Austin Country Club-Austin,MN.png
-92.929654,43.672508
-92.93474368609,43.664099929545
-92.90886924816,43.664099929545
-92.90886924816,43.664593202075
-92.93474368609,43.664593202075
-92.93474368609,43.664099929545

Austin Country Club-Austin,TX.png
-97.798386,30.34108
-97.80697344359999,30.336976861865
-97.78136806394,30.336976861865
-97.78136806394,30.341685380625
-97.80697344359999,30.341685380625
-97.80697344359999,30.336976861865

Austin Golf Club-Spicewood,TX.png
-98.102994,30.406454
-98.109115076125,30.400108709614997
-98.079563508505,30.400108709614997
-98.079563508505,30.401678215225
-98.109115076125,30.401678215225
-98.109115076125,30.400108709614997

Avalon Country Club-Cape May Court House,NJ.png
-74.793259,39.118871
-74.79763119737,39.1175929737
-74.77355048124001,39.1175929737
-74.77355048124001,39.116561582699994
-74.79763119737,39.116561582699994
-74.79763119737,39.1175929737

Avalon Lakes Golf Inc-Warren,OH.png
-80.715277,41.238258
-80.73005278381,41.230298359995004
-80.69933529702,41.230298359995004
-80.69933529702,41.241553963324996
-80.73005278381,41.241553963324996
-80.73005278381,41.230298359995004

Avoca Golf Course-Avoca,IA.png
-95.333976,41.491872
-95.33915537218,41.490280072385005
-95.31650963349001,41.490280072385005
-95.31650963349001,41.488351820485
-95.33915537218,41.488351820485
-95.33915537218,41.490280072385005

Avon Oaks Country Club-Avon,OH.png
-81.973745,41.456695
-81.98273603100499,41.44286092110001
-81.958296570515,41.44286092110001
-81.958296570515,41.45232280263
-81.98273603100499,41.45232280263
-81.98273603100499,41.44286092110001

Avondale Golf  Tennis Club-Hayden Lake,ID.png
-116.758944,47.768951
-116.778944,47.778951
-116.738944,47.778951
-116.738944,47.758951
-116.778944,47.758951
-116.778944,47.778951

Awbrey Glen Golf Club-Bend,OR.png
-121.349303,44.079074
-121.369303,44.089074
-121.32930300000001,44.089074
-121.32930300000001,44.069074
-121.369303,44.069074
-121.369303,44.089074

Azusa Greens Country Club-Azusa,CA.png
-117.918977,34.14266
-117.93267655073,34.136180180480004
-117.90169000567,34.136180180480004
-117.90169000567,34.139902152249995
-117.93267655073,34.139902152249995
-117.93267655073,34.136180180480004

Babbitt Golf Course-Babbitt,MN.png
-91.98166,47.715874
-91.99150304886,47.71612063723
-91.96473175003001,47.71612063723
-91.96473175003001,47.714551129689994
-91.99150304886,47.714551129689994
-91.99150304886,47.71612063723

Babe Zaharias Golf Course-Port Arthur,TX.png
-93.980185,29.93939
-93.991507869345,29.93353798311
-93.95549890324502,29.93353798311
-93.95549890324502,29.93474874436
-93.991507869345,29.93474874436
-93.991507869345,29.93353798311

Babe Zaharias Golf Course-Tampa,FL.png
-82.472464,28.052036
-82.4828451654,28.051699677645
-82.45831601882,28.051699677645
-82.45831601882,28.054883532875003
-82.4828451654,28.054883532875003
-82.4828451654,28.051699677645

Back Acres Country Club-Senatobia,MS.png
-89.939764,34.576383
-89.94395682518999,34.57214533273
-89.92427072747,34.57214533273
-89.92427072747,34.57667447931
-89.94395682518999,34.57667447931
-89.94395682518999,34.57214533273

Bacon Park Golf Course-Savannah,GA.png
-81.081642,32.006788
-81.10144020485,31.99716916733
-81.07233706768001,31.99716916733
-81.07233706768001,32.003581721799996
-81.10144020485,32.003581721799996
-81.10144020485,31.99716916733

Bailey Creek Golf Course-Lake Almanor,CA.png
-121.140473,40.291386
-121.150002147545,40.28889721148501
-121.120271207745,40.28889721148501
-121.120271207745,40.295847882495
-121.150002147545,40.295847882495
-121.150002147545,40.28889721148501

Bailey Ranch Golf Club-Owasso,OK.png
-95.86403,36.282944
-95.872482914465,36.274715301725
-95.847056906985,36.274715301725
-95.847056906985,36.285432788514996
-95.872482914465,36.285432788514996
-95.872482914465,36.274715301725

Bainbridge Country Club-Bainbridge,GA.png
-84.591914,30.863614
-84.60041175751,30.862963776329998
-84.56933552636,30.862963776329998
-84.56933552636,30.86650637592
-84.60041175751,30.86650637592
-84.60041175751,30.862963776329998

Baker National Golf Course-Medina,MN.png
-93.604473,45.030969
-93.62328465786,45.022426400410005
-93.59400214851,45.022426400410005
-93.59400214851,45.03377168983
-93.62328465786,45.03377168983
-93.62328465786,45.022426400410005

Bala Golf Club-Philadelphia,PA.png
-75.218614,39.99595
-75.23338978381,39.992923094945006
-75.20706691543,39.992923094945006
-75.20706691543,39.995389461455
-75.23338978381,39.995389461455
-75.23338978381,39.992923094945006

Balboa Park Golf Course-San Diego,CA.png
-117.136691,32.724447
-117.14778965411999,32.716846104355
-117.12442642671,32.716846104355
-117.12442642671,32.722182425745
-117.14778965411999,32.722182425745
-117.14778965411999,32.716846104355

Ballamor Golf Club-Egg Harbor Township,NJ.png
-74.64562,39.381023
-74.66532851875999,39.376202373145
-74.61676350006,39.376202373145
-74.61676350006,39.383422102424994
-74.66532851875999,39.383422102424994
-74.66532851875999,39.376202373145

Ballymeade Country Club-North Falmouth,MA.png
-70.600193,41.631259
-70.61407192291,41.623030301725
-70.57887013162001,41.623030301725
-70.57887013162001,41.629801600555
-70.61407192291,41.629801600555
-70.61407192291,41.623030301725

BanBury Golf Club-Eagle,ID.png
-116.360914,43.670432
-116.38178843792998,43.664086709615
-116.34479292484,43.664086709615
-116.34479292484,43.668615856195
-116.38178843792998,43.668615856195
-116.38178843792998,43.664086709615

Bandon Crossings Golf Course-Bandon,OR.png
-124.412256,43.039603
-124.41860129135,43.041194928580005
-124.39182999252,43.041194928580005
-124.39182999252,43.044647842079996
-124.41860129135,43.044647842079996
-124.41860129135,43.041194928580005

Bandon Dunes Golf Resort-Bandon,OR.png
-124.389922,43.188228
-124.409922,43.198228
-124.369922,43.198228
-124.369922,43.178228000000004
-124.409922,43.178228000000004
-124.409922,43.198228

Baneberry Golf  Resort Club-Baneberry,TN.png
-83.266809,36.040748
-83.28680899999999,36.050748
-83.246809,36.050748
-83.246809,36.030748
-83.28680899999999,36.030748
-83.28680899999999,36.050748

Barberton Brookside Country Club-Barberton,OH.png
-81.661967,41.032065
-81.66867103571,41.02486769176001
-81.64602529702,41.02486769176001
-81.64602529702,41.03325334021
-81.66867103571,41.03325334021
-81.66867103571,41.02486769176001

Barefoot Bay Golf Course-Barefoot Bay,FL.png
-80.527324,27.889354
-80.53887108456999,27.886685839305
-80.51712220678,27.886685839305
-80.51712220678,27.886999739655003
-80.53887108456999,27.886999739655003
-80.53887108456999,27.886685839305

Barefoot Resort and Golf Club-North Myrtle Beach,SC.png
-78.763954,33.800697
-78.783954,33.810697
-78.743954,33.810697
-78.743954,33.790697
-78.783954,33.790697
-78.783954,33.810697

Basking Ridge Country Club-Basking Ridge,NJ.png
-74.539242,40.719278
-74.54469043045,40.720197282905005
-74.51576666546,40.720197282905005
-74.51576666546,40.721677102425
-74.54469043045,40.721677102425
-74.54469043045,40.720197282905005

Bass Rocks Golf Club-Gloucester,MA.png
-70.640696,42.6149
-70.648969542285,42.61281479889
-70.620225149475,42.61281479889
-70.620225149475,42.620303586439995
-70.648969542285,42.620303586439995
-70.648969542285,42.61281479889

Batesville Municipal Golf Course-Batesville,AR.png
-91.636614,35.758832
-91.64161399999999,35.759392538545
-91.61403552636,35.759392538545
-91.61403552636,35.759258008444995
-91.64161399999999,35.759258008444995
-91.64161399999999,35.759392538545

Bath Country Club-Bath,ME.png
-69.852343,43.939934
-69.86048201315,43.933274808300006
-69.83424883086,43.933274808300006
-69.83424883086,43.93735552443
-69.86048201315,43.93735552443
-69.86048201315,43.933274808300006

Bath Country Club-Bath,NY.png
-77.300592,42.341566
-77.30514356954998,42.335534610930004
-77.28222877259,42.335534610930004
-77.28222877259,42.338359721799996
-77.30514356954998,42.338359721799996
-77.30514356954998,42.335534610930004

Baton Rouge Country Club-Baton Rouge,LA.png
-91.096505,30.419548
-91.10338840789,30.413113023524996
-91.08020455265999,30.413113023524996
-91.08020455265999,30.413068179515
-91.10338840789,30.413068179515
-91.10338840789,30.413113023524996

Battle Creek Country Club-Battle Creek,MI.png
-85.205656,42.28332
-85.22491608831,42.28491192858001
-85.18872775003001,42.28491192858001
-85.18872775003001,42.28441865412
-85.22491608831,42.28441865412
-85.22491608831,42.28491192858001

Battlefield Golf Club-Chesapeake,VA.png
-76.183281,36.694025
-76.19047830920499,36.694944282905006
-76.161016427675,36.694944282905006
-76.161016427675,36.695258183255
-76.19047830920499,36.695258183255
-76.19047830920499,36.694944282905006

Battlement Mesa Golf Course-Parachute,CO.png
-108.034439,39.45515
-108.054439,39.46515
-108.01443900000001,39.46515
-108.01443900000001,39.445150000000005
-108.054439,39.445150000000005
-108.054439,39.46515

Bavarian Hills Golf Course-Saint Marys,PA.png
-78.536505,41.445706
-78.552850290385,41.43779120304001
-78.523298722765,41.43779120304001
-78.523298722765,41.444921246229995
-78.552850290385,41.444921246229995
-78.552850290385,41.43779120304001

Bay City Country Club-Bay City,MI.png
-83.954825,43.530122
-83.96152903571,43.5234628083
-83.93430930643001,43.5234628083
-83.93430930643001,43.53148971239
-83.96152903571,43.53148971239
-83.96152903571,43.5234628083

Bay Colony Golf Club-Naples,FL.png
-81.794294,26.264854
-81.80611014283998,26.263082700205
-81.77332987598,26.263082700205
-81.77332987598,26.269674626855
-81.80611014283998,26.269674626855
-81.80611014283998,26.263082700205

Bayonne Golf Club-Bayonne,NJ.png
-74.105051,40.666567
-74.10942319736999,40.664436955845005
-74.07762947750001,40.664436955845005
-74.07762947750001,40.670580452044995
-74.10942319736999,40.670580452044995
-74.10942319736999,40.664436955845005

Bayou Golf Club-McMinnville,OR.png
-123.209948,45.173284
-123.22705562214999,45.174472341175004
-123.19642782145,45.174472341175004
-123.19642782145,45.176221218965
-123.22705562214999,45.176221218965
-123.22705562214999,45.174472341175004

Bayou Golf Club-Texas City,TX.png
-94.976931,29.415847
-94.98704310712999,29.41600395114
-94.95237943238,29.41600395114
-94.95237943238,29.4153313045
-94.98704310712999,29.4153313045
-94.98704310712999,29.41600395114

Bayside Resort Golf Club-Selbyville,DE.png
-75.112137,38.465747
-75.131531617445,38.458190947400006
-75.083325343105,38.458190947400006
-75.083325343105,38.471688702979996
-75.131531617445,38.471688702979996
-75.131531617445,38.458190947400006

Bayview Retirees Golf Course-Toledo,OH.png
-83.482525,41.692921
-83.49667298118,41.683795440825
-83.46756984401,41.683795440825
-83.46756984401,41.68671023778499
-83.49667298118,41.68671023778499
-83.49667298118,41.683795440825

Beacon Hill Country Club-Atlantic Highlands,NJ.png
-74.051544,40.404762
-74.06318077066,40.399403256605
-74.03730633273001,40.399403256605
-74.03730633273001,40.400793390035
-74.06318077066,40.400793390035
-74.06318077066,40.399403256605

Bear Creek Golf Club-Denver,CO.png
-105.137071,39.667526
-105.151353510315,39.661898198335
-105.11193647279501,39.661898198335
-105.11193647279501,39.671718824225
-105.151353510315,39.671718824225
-105.151353510315,39.661898198335

Bear Lake County Highlands Golf Course-Bear Lake,MI.png
-86.151188,44.412349
-86.156591587405,44.412012677645
-86.11995481867501,44.412012677645
-86.11995481867501,44.410443170105
-86.156591587405,44.410443170105
-86.156591587405,44.412012677645

Bears Paw Country Club-Naples,FL.png
-81.774897,26.173515
-81.79702704318998,26.166452220894996
-81.75061449065,26.166452220894996
-81.75061449065,26.172775089275
-81.79702704318998,26.172775089275
-81.79702704318998,26.166452220894996

Beaver Brook Golf Club-Annandale,NJ.png
-74.895516,40.632066
-74.90706308457,40.627469588370005
-74.88082990228,40.627469588370005
-74.88082990228,40.630922501869996
-74.90706308457,40.630922501869996
-74.90706308457,40.627469588370005

Beaver Hills Country Club-Cedar Falls,IA.png
-92.515407,42.570323
-92.53090027252999,42.570704166365005
-92.50278368235,42.570704166365005
-92.50278368235,42.575412685125
-92.53090027252999,42.575412685125
-92.53090027252999,42.570704166365005

Beavercreek Golf Club-Beavercreek,OH.png
-84.03514,39.769179
-84.04130591917,39.763282140065
-84.00466915044001,39.763282140065
-84.00466915044001,39.770770927615
-84.04130591917,39.770770927615
-84.04130591917,39.763282140065

Beckett Country Club-Woolwich Township,NJ.png
-75.32735,39.714121
-75.34365044734,39.709659117505
-75.30764148124,39.709659117505
-75.30764148124,39.714457322354995
-75.34365044734,39.714457322354995
-75.34365044734,39.709659117505

Bedens Brook Club-Skillman,NJ.png
-74.719701,40.38638
-74.73438709772,40.37909300567001
-74.69595660719,40.37909300567001
-74.69595660719,40.37931721993
-74.73438709772,40.37931721993
-74.73438709772,40.37909300567001

Bedford Hills Golf Club-Temperance,MI.png
-83.585425,41.733765
-83.59948329509,41.731365897575
-83.56437118989001,41.731365897575
-83.56437118989001,41.733921950174995
-83.59948329509,41.733921950174995
-83.59948329509,41.731365897575

Beech Creek Golf Club-Sumter,SC.png
-80.534002,33.970872
-80.546849532875,33.96627558837
-80.514966126915,33.96627558837
-80.514966126915,33.969728501869994
-80.546849532875,33.969728501869994
-80.546849532875,33.96627558837

Beech Hollow Golf Course-Freeland,MI.png
-84.050946,43.516852
-84.05460070864999,43.508399086500006
-84.03016124816,43.508399086500006
-84.03016124816,43.51893720111
-84.05460070864999,43.51893720111
-84.05460070864999,43.508399086500006

Bel Air Country Club-Los Angeles,CA.png
-118.45063,34.08003
-118.466706232115,34.07588201882
-118.43231161563502,34.07588201882
-118.43231161563502,34.0804111654
-118.466706232115,34.0804111654
-118.466706232115,34.07588201882

Belle Plaine Country Club-Belle Plaine,IA.png
-92.26858,41.904173
-92.27555309398,41.90217748498
-92.24958896996,41.90217748498
-92.24958896996,41.90374699059
-92.27555309398,41.90374699059
-92.27555309398,41.90217748498

Belleview Biltmore Golf Club-Belleair,FL.png
-82.808892,27.930661
-82.813757470865,27.929158758475
-82.789945813005,27.929158758475
-82.789945813005,27.930997322355
-82.813757470865,27.930997322355
-82.813757470865,27.929158758475

Bellevue Golf Club-Melrose,MA.png
-71.047148,42.463084
-71.05833634021,42.458173687055
-71.02591481771002,42.458173687055
-71.02591481771002,42.466469649415
-71.05833634021,42.466469649415
-71.05833634021,42.458173687055

Belmont Country Club-Belmont,MA.png
-71.199575,42.408439
-71.21614450560999,42.40007577259001
-71.18219831958,42.40007577259001
-71.18219831958,42.40361837218
-71.21614450560999,42.40361837218
-71.21614450560999,42.40007577259001

Belmont Hills Country Club-Saint Clairsville,OH.png
-80.943,40.073793
-80.94719282518999,40.07628178948001
-80.92732735529,40.07628178948001
-80.92732735529,40.07919658644
-80.94719282518999,40.07919658644
-80.94719282518999,40.07628178948001

Bemidji Town  Country Club-Bemidji,MN.png
-94.840713,47.541275
-94.84714797743999,47.533225673905
-94.81930044553,47.533225673905
-94.81930044553,47.537216703945
-94.84714797743999,47.537216703945
-94.84714797743999,47.533225673905

Ben Lomond Golf Course-Ogden,UT.png
-111.991187,41.289808
-111.99842915225,41.285704861865
-111.9745278083,41.285704861865
-111.9745278083,41.286646564845
-111.99842915225,41.286646564845
-111.99842915225,41.285704861865

Bensalem Country Club-Bensalem,PA.png
-74.949663,40.096862
-74.96103071239,40.0964808346
-74.93542533273,40.0964808346
-74.93542533273,40.09796065412
-74.96103071239,40.09796065412
-74.96103071239,40.0964808346

Bent Pine Golf Club-Whitehall,MI.png
-86.30318,43.333407
-86.31468224152499,43.325537046085
-86.291857130655,43.325537046085
-86.291857130655,43.327196237784996
-86.31468224152499,43.327196237784996
-86.31468224152499,43.325537046085

Benton Golf  Country Club-Benton,KY.png
-88.359929,36.84512
-88.37515321426,36.84240699626
-88.33914424816,36.84240699626
-88.33914424816,36.8463980263
-88.37515321426,36.8463980263
-88.37515321426,36.84240699626

Bentwood Golf Course-Ulysses,KS.png
-101.333079,37.566529
-101.34489514283999,37.564354112800004
-101.31758572747,37.564354112800004
-101.31758572747,37.56547518796
-101.34489514283999,37.56547518796
-101.34489514283999,37.564354112800004

Benvenue Country Club-Rocky Mount,NC.png
-77.819473,35.978442
-77.82801560055499,35.974069803595
-77.802320534805,35.974069803595
-77.802320534805,35.973486843045
-77.82801560055499,35.973486843045
-77.82801560055499,35.974069803595

Bergen Golf Club-Springfield,IL.png
-89.612868,39.800162
-89.61813705827001,39.799018502835004
-89.59656755266,39.799018502835004
-89.59656755266,39.795386215225
-89.61813705827001,39.795386215225
-89.61813705827001,39.799018502835004

Bergen Point Golf Course-West Babylon,NY.png
-73.34207,40.68257
-73.35567986464,40.684834574255
-73.32801170491001,40.684834574255
-73.32801170491001,40.68568659114499
-73.35567986464,40.68568659114499
-73.35567986464,40.684834574255

Berkeley Country Club-Moncks Corner,SC.png
-80.014445,33.1546
-80.02626114283999,33.154353363735005
-80.00110419363,33.154353363735005
-80.00110419363,33.156640358065
-80.02626114283999,33.156640358065
-80.02626114283999,33.154353363735005

Berkshire Hills Golf Club-Chesterland,OH.png
-81.293398,41.52203
-81.30117826879,41.51411520304001
-81.2740482256,41.51411520304001
-81.2740482256,41.51559502256
-81.30117826879,41.51559502256
-81.30117826879,41.51411520304001

Bethlehem Golf Club-Bethlehem,PA.png
-75.384113,40.641579
-75.40364214658,40.63823819363
-75.37166905453,40.63823819363
-75.37166905453,40.64222922367
-75.40364214658,40.64222922367
-75.40364214658,40.63823819363

Bide A Wee Golf Course-Portsmouth,VA.png
-76.339739,36.804315
-76.35325917854999,36.804158049825006
-76.3194923647,36.804158049825006
-76.3194923647,36.803844147545
-76.35325917854999,36.803844147545
-76.35325917854999,36.804158049825006

Big Met Golf Course-Fairview Park,OH.png
-81.840024,41.445099
-81.84448588346,41.43987478574
-81.81565180456,41.43987478574
-81.81565180456,41.443507071419994
-81.84448588346,41.443507071419994
-81.84448588346,41.43987478574

Big Run Golf Course-Lockport,IL.png
-88.037197,41.641154
-88.044842739655,41.642521713355
-88.01663646338501,41.642521713355
-88.01663646338501,41.642656241524996
-88.044842739655,41.642656241524996
-88.044842739655,41.642521713355

Big Sky of Montana Golf Course-Big Sky,MT.png
-111.302849,45.266045
-111.32284899999999,45.276044999999996
-111.282849,45.276044999999996
-111.282849,45.256045
-111.32284899999999,45.256045
-111.32284899999999,45.276044999999996

Big Spring Country Club-Big Spring,TX.png
-101.422683,32.209994
-101.44319869357,32.206204763180004
-101.41579959211,32.206204763180004
-101.41579959211,32.20508368609
-101.44319869357,32.20508368609
-101.44319869357,32.206204763180004

Big Spring Country Club-Louisville,KY.png
-85.64688,38.228295
-85.66057955072999,38.222846570515
-85.63676789287,38.222846570515
-85.63676789287,38.223429529135004
-85.66057955072999,38.223429529135004
-85.66057955072999,38.222846570515

Big Sugar Golf Club-Pea Ridge,AR.png
-94.119635,36.421723
-94.139635,36.431723
-94.099635,36.431723
-94.099635,36.411723
-94.139635,36.411723
-94.139635,36.431723

Bill Roberts Municipal Golf Course-Helena,MT.png
-112.041216,46.60907
-112.04567788346,46.601738162625004
-112.02025187598001,46.601738162625004
-112.02025187598001,46.608150717095
-112.04567788346,46.608150717095
-112.04567788346,46.601738162625004

Birchwood Farms Golf  Country Club-Harbor Springs,MI.png
-85.045171,45.463803
-85.057659788515,45.455125871275
-85.022637369405,45.455125871275
-85.022637369405,45.463870264084996
-85.057659788515,45.463870264084996
-85.057659788515,45.455125871275

Birnam Wood Golf Club-Santa Barbara,CA.png
-119.611188,34.434834
-119.62488755073,34.43382503197
-119.58950638726,34.43382503197
-119.58950638726,34.43530485149
-119.62488755073,34.43530485149
-119.62488755073,34.43382503197

Bixby Village Golf Course-Long Beach,CA.png
-118.114366,33.769599
-118.12196689661,33.768455502835
-118.10138393799001,33.768455502835
-118.10138393799001,33.76455415695499
-118.12196689661,33.76455415695499
-118.12196689661,33.768455502835

Black Canyon Golf Club At Montrose-Montrose,CO.png
-107.854775,38.479808
-107.86399024623,38.47915777633
-107.83183778200001,38.47915777633
-107.83183778200001,38.47938199059
-107.86399024623,38.47938199059
-107.86399024623,38.47915777633

Black Gold Golf Course-Yorba Linda,CA.png
-117.823888,33.904358
-117.84041266256499,33.898461140065
-117.803058405115,33.898461140065
-117.803058405115,33.898685354324996
-117.84041266256499,33.898685354324996
-117.84041266256499,33.898461140065

Black Hall Club-Old Lyme,CT.png
-72.303062,41.294153
-72.31084226879,41.29121578103501
-72.28245662034,41.29121578103501
-72.28245662034,41.294220264085
-72.31084226879,41.294220264085
-72.31084226879,41.29121578103501

Black Lake Golf Club-Onaway,MI.png
-84.267625,45.416766
-84.28912724055999,45.40947900567001
-84.25024831958,45.40947900567001
-84.25024831958,45.41616061841
-84.28912724055999,45.41616061841
-84.28912724055999,45.40947900567001

Black Sheep Golf Club-Sugar Grove,IL.png
-88.430626,41.826995
-88.45024483267,41.818003969959996
-88.41728519363001,41.818003969959996
-88.41728519363001,41.82567212968999
-88.45024483267,41.82567212968999
-88.45024483267,41.818003969959996

Blackfoot Municipal Golf Course-Blackfoot,ID.png
-112.34188,43.219536
-112.35692484208,43.215701920135004
-112.31768717674001,43.215701920135004
-112.31768717674001,43.22292164941499
-112.35692484208,43.22292164941499
-112.35692484208,43.215701920135004

Blackhawk Country Club-Danville,CA.png
-121.916028,37.818743
-121.93170064470999,37.812038965255
-121.89775445868,37.812038965255
-121.89775445868,37.819438066714994
-121.93170064470999,37.819438066714994
-121.93170064470999,37.812038965255

Blacklick Woods Metro Golf Course-Reynoldsburg,OH.png
-82.801317,39.945748
-82.81403000373999,39.94455965979
-82.78133942297,39.94455965979
-82.78133942297,39.94926817855
-82.81403000373999,39.94926817855
-82.81403000373999,39.94455965979

Blackmoor Golf Club-Murrells Inlet,SC.png
-79.072302,33.603204
-79.09102397176999,33.596858709615
-79.04999258463,33.596858709615
-79.04999258463,33.604795927614994
-79.09102397176999,33.604795927614994
-79.09102397176999,33.596858709615

Blackstone National Golf Course-Sutton,MA.png
-71.770973,42.117579
-71.77678017481,42.111144023525
-71.74032277826001,42.111144023525
-71.74032277826001,42.117108147545
-71.77678017481,42.117108147545
-71.77678017481,42.111144023525

Blackthorn Golf Club-South Bend,IN.png
-86.334203,41.722433
-86.34646757329,41.717163942695
-86.31117609591001,41.717163942695
-86.31117609591001,41.723935241525
-86.34646757329,41.723935241525
-86.34646757329,41.717163942695

Blackwood Golf Course-Douglassville,PA.png
-75.743147,40.245489
-75.75182412969,40.24456971806
-75.72343848124,40.24456971806
-75.72343848124,40.24506299059
-75.75182412969,40.24506299059
-75.75182412969,40.24456971806

Blessings Golf Club-Fayetteville,AR.png
-94.201823,36.13177
-94.20718174436,36.125424709615004
-94.17036560345001,36.125424709615004
-94.17036560345001,36.133720671975
-94.20718174436,36.133720671975
-94.20718174436,36.125424709615004

Bloomfield Hills Country Club-Bloomfield Hills,MI.png
-83.258054,42.581883
-83.271888079865,42.575806767885
-83.24134996525501,42.575806767885
-83.24134996525501,42.57647941259499
-83.271888079865,42.57647941259499
-83.271888079865,42.575806767885

Blooming Prairie Country Club-Blooming Prairie,MN.png
-93.083529,43.92107
-93.08825994172999,43.91719107709
-93.06041240982,43.91719107709
-93.06041240982,43.91642874436
-93.08825994172999,43.91642874436
-93.08825994172999,43.91719107709

Bloomingdale Golfers Club-Valrico,FL.png
-82.259493,27.876477
-82.267856228375,27.8716115301
-82.23929120774501,27.8716115301
-82.23929120774501,27.871297627820002
-82.267856228375,27.871297627820002
-82.267856228375,27.8716115301

Blue Hills Country Club-Kansas City,MO.png
-94.604112,38.899147
-94.62776670672,38.895223234045005
-94.58278913162,38.895223234045005
-94.58278913162,38.901635788514994
-94.62776670672,38.901635788514994
-94.62776670672,38.895223234045005

Blue Ridge Country Club-Palmerton,PA.png
-75.631049,40.807604
-75.64869473869,40.802873059235
-75.61340326131001,40.802873059235
-75.61340326131001,40.80229009868499
-75.64869473869,40.80229009868499
-75.64869473869,40.802873059235

Blues Creek Golf Course-Marysville,OH.png
-83.336022,40.302659
-83.34093231390999,40.300080525395
-83.31200854892,40.300080525395
-83.31200854892,40.300573797925
-83.34093231390999,40.300573797925
-83.34093231390999,40.300080525395

Bluff Creek Golf Club-Chaska,MN.png
-93.543748,44.820781
-93.56408432138998,44.814346023525
-93.52601257522,44.814346023525
-93.52601257522,44.816902076125
-93.56408432138998,44.816902076125
-93.56408432138998,44.814346023525

Blythefield Country Club-Belmont,MI.png
-85.580019,43.068479
-85.601924827965,43.064779449270006
-85.567440525395,43.064779449270006
-85.567440525395,43.06625926879
-85.601924827965,43.06625926879
-85.601924827965,43.064779449270006

Bobcat Trail Golf Club-North Port,FL.png
-82.150071,27.04806
-82.164891626855,27.039113813005
-82.132380418265,27.039113813005
-82.132380418265,27.049024124985
-82.164891626855,27.049024124985
-82.164891626855,27.039113813005

Boca Royale Golf  Country Club-Englewood,FL.png
-82.371895,26.995116
-82.37671562781999,26.992089094944998
-82.34904746809,26.992089094944998
-82.34904746809,26.993389542285
-82.37671562781999,26.993389542285
-82.37671562781999,26.992089094944998

Bogey Hills Golf  Country Club-Saint Charles,MO.png
-90.538428,38.784907
-90.54629795487999,38.78622987031
-90.5208719474,38.78622987031
-90.5208719474,38.789862155989994
-90.54629795487999,38.789862155989994
-90.54629795487999,38.78622987031

Bois De Sioux Golf Course-Wahpeton,ND.png
-96.602816,46.278304
-96.611448286645,46.270747947400004
-96.580372055495,46.270747947400004
-96.580372055495,46.276353327059994
-96.611448286645,46.276353327059994
-96.611448286645,46.270747947400004

Bonnie Brook Golf Course-Waukegan,IL.png
-87.855175,42.403516
-87.86932298118,42.404973399445005
-87.84703598685,42.404973399445005
-87.84703598685,42.409054115575
-87.86932298118,42.409054115575
-87.86932298118,42.404973399445005

Bos Landen Golf Club-Pella,IA.png
-92.949329,41.392372
-92.96643662215,41.385892180480006
-92.93365635529001,41.385892180480006
-92.93365635529001,41.391228501869996
-92.96643662215,41.391228501869996
-92.96643662215,41.385892180480006

Boulder City Municipal Golf Course-Boulder City,NV.png
-114.843827,35.958546
-114.849140901315,35.95448770491
-114.82739202352501,35.95448770491
-114.82739202352501,35.962693981179996
-114.849140901315,35.962693981179996
-114.849140901315,35.95448770491

Boulder Creek Golf Club-Boulder City,NV.png
-114.859497,35.960795
-114.87400372554,35.9586201128
-114.83655978200001,35.9586201128
-114.83655978200001,35.963956434189996
-114.87400372554,35.963956434189996
-114.87400372554,35.9586201128

Bowlers Country Club-South Bend,IN.png
-86.351293,41.682053
-86.37593425371,41.675348965255004
-86.35319882893,41.675348965255004
-86.35319882893,41.680505914465
-86.37593425371,41.680505914465
-86.37593425371,41.675348965255004

Brae Burn Country Club-Purchase,NY.png
-73.733999,41.04897
-73.74285550187,41.04849914851
-73.7092680602,41.04849914851
-73.7092680602,41.05553950560999
-73.74285550187,41.05553950560999
-73.74285550187,41.04849914851

Braemar Golf Course-Edina,MN.png
-93.383147,44.868073
-93.39832637121499,44.863073000965
-93.367519198335,44.863073000965
-93.367519198335,44.868678380625
-93.39832637121499,44.868678380625
-93.39832637121499,44.863073000965

Brainerd Golf Course-Chattanooga,TN.png
-85.221407,35.014962
-85.23012897273499,35.009244512245
-85.202819557365,35.009244512245
-85.202819557365,35.00973778477499
-85.23012897273499,35.00973778477499
-85.23012897273499,35.009244512245

Brandywine Country Club-Wilmington,DE.png
-75.536129,39.818451
-75.5527881917,39.81694875847501
-75.52512003197,39.81694875847501
-75.52512003197,39.818966694535
-75.5527881917,39.818966694535
-75.5527881917,39.81694875847501

Breckenridge Golf Club-Breckenridge,CO.png
-106.033614,39.524415
-106.05054224997,39.5186526692
-106.00789651321,39.5186526692
-106.00789651321,39.527486748099996
-106.05054224997,39.527486748099996
-106.05054224997,39.5186526692

Brenham Country Club-Brenham,TX.png
-96.356273,30.20217
-96.36647479322,30.195914395705
-96.33503981771001,30.195914395705
-96.33503981771001,30.197663273495
-96.36647479322,30.197663273495
-96.36647479322,30.195914395705

Brentwood Country Club-Beaumont,TX.png
-94.189153,30.030556
-94.19119335903,30.02730487972
-94.16334582712001,30.02730487972
-94.16334582712001,30.033627748100002
-94.19119335903,30.033627748100002
-94.19119335903,30.02730487972

Breton Bay Country Club-Leonardtown,MD.png
-76.663732,38.271082
-76.68074993606,38.264602180480004
-76.65128805453,38.264602180480004
-76.65128805453,38.27397437592
-76.68074993606,38.27397437592
-76.68074993606,38.264602180480004

Briar Creek Golf Course-Duanesburg,NY.png
-74.034528,42.767155
-74.040290331765,42.76659446242
-74.015402440825,42.76659446242
-74.015402440825,42.76798459585
-74.040290331765,42.76798459585
-74.040290331765,42.76659446242

Briarbrook Country Club-Carl Junction,MO.png
-94.53967,37.159992
-94.56180004318999,37.155664646640005
-94.51897493425001,37.155664646640005
-94.51897493425001,37.15687540789
-94.56180004318999,37.15687540789
-94.56180004318999,37.155664646640005

Briarwood Country Club-Deerfield,IL.png
-87.837462,42.16719
-87.84685661841,42.166315561105
-87.81918845868,42.166315561105
-87.81918845868,42.173624976475
-87.84685661841,42.173624976475
-87.84685661841,42.166315561105

Briarwood Golf Course-Ankeny,IA.png
-93.59364,41.760162
-93.606487532875,41.75987052069
-93.570657938955,41.75987052069
-93.570657938955,41.7623368872
-93.606487532875,41.7623368872
-93.606487532875,41.75987052069

Brier Creek Country Club-Raleigh,NC.png
-78.798188,35.907097
-78.81587858173499,35.899092516950006
-78.779241813005,35.899092516950006
-78.779241813005,35.906491618409994
-78.81587858173499,35.906491618409994
-78.81587858173499,35.899092516950006

Brighton Park Golf Course-Tonawanda,NY.png
-78.844281,43.004714
-78.85685947460499,42.998503238750004
-78.825155440825,42.998503238750004
-78.825155440825,43.002763327059995
-78.85685947460499,43.002763327059995
-78.85685947460499,42.998503238750004

Britton Country Club-Britton,SD.png
-97.729534,45.802805
-97.73408556954999,45.800316211485004
-97.71170888913001,45.800316211485004
-97.71170888913001,45.797222040414994
-97.73408556954999,45.797222040414994
-97.73408556954999,45.800316211485004

Brock Park Golf Course-Houston,TX.png
-95.227281,29.842607
-95.24151866727,29.839669781035
-95.21465768235001,29.839669781035
-95.21465768235001,29.837741529135002
-95.24151866727,29.837741529135002
-95.24151866727,29.839669781035

Brockton Country Club-Brockton,MA.png
-71.022961,42.047242
-71.03612243418999,42.044484153215
-71.0071986692,42.044484153215
-71.0071986692,42.046143344914995
-71.03612243418999,42.046143344914995
-71.03612243418999,42.044484153215

Broken Tee Golf Course-Englewood,CO.png
-105.013105,39.642966
-105.027746254675,39.635679005670006
-104.998463745325,39.635679005670006
-104.998463745325,39.63778662782
-105.027746254675,39.63778662782
-105.027746254675,39.635679005670006

Brook Lea Country Club-Rochester,NY.png
-77.710259,43.130463
-77.71382402255999,43.122817261310004
-77.68579711846999,43.122817261310004
-77.68579711846999,43.125462999999996
-77.71382402255999,43.125462999999996
-77.71382402255999,43.122817261310004

Brookhill Golf Course-Rantoul,IL.png
-88.136295,40.333104
-88.14066719736999,40.325503104355
-88.11533087598,40.325503104355
-88.11533087598,40.32716229605499
-88.14066719736999,40.32716229605499
-88.14066719736999,40.325503104355

Brookings Country Club-Brookings,SD.png
-96.835328,44.210052
-96.84400512969,44.202002673905
-96.81624728387001,44.202002673905
-96.81624728387001,44.20366186560499
-96.84400512969,44.20366186560499
-96.84400512969,44.202002673905

Brookside Golf Course-Pasadena,CA.png
-118.166598,34.164608
-118.18061145204499,34.157231319580006
-118.155813247195,34.157231319580006
-118.155813247195,34.1622985827
-118.18061145204499,34.1622985827
-118.18061145204499,34.157231319580006

Bryden Canyon Golf Course-Lewiston,ID.png
-117.022053,46.379567
-117.032748066715,46.372683593075
-117.010819816745,46.372683593075
-117.010819816745,46.377750856195
-117.032748066715,46.377750856195
-117.032748066715,46.372683593075

Buckhorn Golf Course-Comfort,TX.png
-98.891905,29.971399
-98.89977495487999,29.96240796996
-98.87443863349,29.96240796996
-98.87443863349,29.965143394740004
-98.89977495487999,29.965143394740004
-98.89977495487999,29.96240796996

Buena Vista Golf Course-DeKalb,IL.png
-88.738488,41.95691
-88.74635795488,41.949353947400006
-88.71528172373,41.949353947400006
-88.71528172373,41.96043017855
-88.74635795488,41.96043017855
-88.74635795488,41.949353947400006

Bull Creek Golf and Country Club-Louisburg,NC.png
-78.204292,36.094496
-78.21234132705999,36.09169331017
-78.18234132899,36.09169331017
-78.18234132899,36.093442187959994
-78.21234132705999,36.093442187959994
-78.21234132705999,36.09169331017

Bunker Hill Golf Course-Dubuque,IA.png
-90.700636,42.508068
-90.7092234436,42.502619570515
-90.68227277259001,42.502619570515
-90.68227277259001,42.502485040414996
-90.7092234436,42.502485040414996
-90.7092234436,42.502619570515

Bunker Hill Country Club-Brush,CO.png
-103.649259,40.261682
-103.65506617481,40.256592314875
-103.6343935301,40.256592314875
-103.6343935301,40.255381551694995
-103.65506617481,40.255381551694995
-103.65506617481,40.256592314875

Bulls Bay Golf Club-Awendaw,SC.png
-79.719052,32.905911
-79.723917470865,32.90570920678
-79.69867083556501,32.90570920678
-79.69867083556501,32.90889306201
-79.723917470865,32.90889306201
-79.723917470865,32.90570920678

Arrowhead Country Club-Jasper,GA.png
-84.404921,34.444997
-84.42436046048999,34.438920767885
-84.39884476692,34.438920767885
-84.39884476692,34.437261574255
-84.42436046048999,34.437261574255
-84.42436046048999,34.438920767885

Bardstown Country Club At Woodlawn Springs-Bardstown,KY.png
-85.405739,37.821188
-85.41737577065999,37.814304593075
-85.38342958463001,37.814304593075
-85.38342958463001,37.816770959585
-85.41737577065999,37.816770959585
-85.41737577065999,37.814304593075

Bay Hills Golf Club-Arnold,MD.png
-76.478361,39.045591
-76.48829373495,39.04328158366501
-76.45515472373,39.04328158366501
-76.45515472373,39.044671717095
-76.48829373495,39.044671717095
-76.48829373495,39.04328158366501

Bill  Payne Stewart Golf Course-Springfield,MO.png
-93.260265,37.250997
-93.264054237785,37.24559341356
-93.241408499095,37.24559341356
-93.241408499095,37.245189825189996
-93.264054237785,37.245189825189996
-93.264054237785,37.24559341356

Bunker Hills Golf Course-Coon Rapids,MN.png
-93.285108,45.201006
-93.29817974809998,45.191970126915
-93.27194656581,45.191970126915
-93.27194656581,45.199458914465
-93.29817974809998,45.199458914465
-93.29817974809998,45.191970126915

Cairo Country Club-Cairo,GA.png
-84.227919,30.90279
-84.23453334962,30.904112870309998
-84.20659613162,30.904112870309998
-84.20659613162,30.90604112028
-84.23453334962,30.90604112028
-84.23453334962,30.904112870309998

California Golf Course-Cincinnati,OH.png
-84.423208,39.064738
-84.42749051128,39.05861692484
-84.40179544553001,39.05861692484
-84.40179544553001,39.061172977439995
-84.42749051128,39.061172977439995
-84.42749051128,39.05861692484

Camden Country Club-Camden,SC.png
-80.618698,34.272822
-80.62594015225,34.275355632525
-80.59907916733,34.275355632525
-80.59907916733,34.27531078851499
-80.62594015225,34.27531078851499
-80.62594015225,34.275355632525

Cameron Memorial Golf Course-Cameron,MO.png
-94.243213,39.731373
-94.25323542103999,39.732292282905
-94.23426681204,39.732292282905
-94.23426681204,39.732516497164994
-94.25323542103999,39.732516497164994
-94.25323542103999,39.732292282905

Canongate At Magnolia Creek Golf Course-League City,TX.png
-95.145452,29.476906
-95.16004841163,29.476390305465
-95.12152823501,29.476390305465
-95.12152823501,29.478049497165
-95.16004841163,29.478049497165
-95.16004841163,29.476390305465

Canyon Springs Golf Course-Twin Falls,ID.png
-114.477599,42.60021
-114.48887702629999,42.591712243455
-114.45277837411,42.591712243455
-114.45277837411,42.595254843045
-114.48887702629999,42.595254843045
-114.48887702629999,42.591712243455

Cape Fear Country Club-Wilmington,NC.png
-77.916017,34.220794
-77.92962686463999,34.221758125950004
-77.90411117107,34.221758125950004
-77.90411117107,34.22341731765
-77.92962686463999,34.22341731765
-77.92962686463999,34.221758125950004

Capital City Country Club-Tallahassee,FL.png
-84.276188,30.427131
-84.28154674436,30.423924722764998
-84.25692791169001,30.423924722764998
-84.25692791169001,30.428184811075
-84.28154674436,30.428184811075
-84.28154674436,30.423924722764998

Carthage Municipal Golf Course-Carthage,MO.png
-94.342156,37.173147
-94.35110218796,37.17204834588
-94.32468963349001,37.17204834588
-94.32468963349001,37.17424565412
-94.35110218796,37.17424565412
-94.35110218796,37.17204834588

Cascata-Boulder City,NV.png
-114.893318,35.970888
-114.90248840318499,35.96189696996
-114.862533249125,35.96189696996
-114.862533249125,35.96176243986
-114.90248840318499,35.96176243986
-114.90248840318499,35.96189696996

Cascades Golf Course-Bloomington,IN.png
-86.5432,39.20114
-86.551652914465,39.193718476535004
-86.52649596525501,39.193718476535004
-86.52649596525501,39.203090671975
-86.551652914465,39.203090671975
-86.551652914465,39.193718476535004

Bear Creek Golf Club-Wentzville,MO.png
-90.897357,38.818312
-90.91204309772,38.81443307709
-90.87746910906,38.81443307709
-90.87746910906,38.81905190976
-90.91204309772,38.81905190976
-90.91204309772,38.81443307709

Cedar Brook Club Inc-Glen Head,NY.png
-73.600966,40.838234
-73.5987911128,40.829960458680006
-73.57704223501,40.829960458680006
-73.57704223501,40.83009498685
-73.5987911128,40.83009498685
-73.5987911128,40.829960458680006

Cedar Crest Golf Course-Dallas,TX.png
-96.797386,32.723654
-96.806018286645,32.72354189287
-96.77772232428501,32.72354189287
-96.77772232428501,32.72089615225
-96.806018286645,32.72089615225
-96.806018286645,32.72354189287

Cedar Valley Golf Club-Comins,MI.png
-84.030516,44.793498
-84.041300752805,44.78979844927
-84.02080748027501,44.78979844927
-84.02080748027501,44.797466609
-84.041300752805,44.797466609
-84.041300752805,44.78979844927

Chagrin Valley Country Club-Chagrin Falls,OH.png
-81.444015,41.429799
-81.45713159114499,41.423902140065
-81.435831143805,41.423902140065
-81.435831143805,41.427175681385
-81.45713159114499,41.427175681385
-81.45713159114499,41.423902140065

Chalk Mountain Golf Course-Atascadero,CA.png
-120.640851,35.46895
-120.65446086463999,35.462694395705
-120.62939360152001,35.462694395705
-120.62939360152001,35.462918609964994
-120.65446086463999,35.462918609964994
-120.65446086463999,35.462694395705

Championship Golf Course At University of New Mexi-Albuquerque,NM.png
-106.629535,35.032958
-106.642472218965,35.023025266015004
-106.62027491072502,35.023025266015004
-106.62027491072502,35.030244995295
-106.642472218965,35.030244995295
-106.642472218965,35.023025266015004

Chandler Park Golf Club-Detroit,MI.png
-82.972883,42.396636
-82.9904390526,42.39293644927
-82.95990093799,42.39293644927
-82.95990093799,42.39665842104
-82.9904390526,42.39665842104
-82.9904390526,42.39293644927

Chapel Hill Golf Course-Reading,PA.png
-76.03371,40.264713
-76.04557098588499,40.257381162625
-76.02444991072501,40.257381162625
-76.02444991072501,40.263793717095
-76.04557098588499,40.263793717095
-76.04557098588499,40.257381162625

Charleston Springs Golf Course-Manalapan,NJ.png
-74.361335,40.218834
-74.37319598588499,40.221367632525
-74.346245314875,40.221367632525
-74.346245314875,40.221412474604996
-74.37319598588499,40.221412474604996
-74.37319598588499,40.221367632525

Chartwell Golf  Country Club-Severna Park,MD.png
-76.603797,39.095616
-76.60839341259499,39.09415860152
-76.583415835565,39.09415860152
-76.583415835565,39.0968940263
-76.60839341259499,39.0968940263
-76.60839341259499,39.09415860152

Cherokee Ridge Golf Club-Colorado Springs,CO.png
-104.712074,38.857927
-104.722858752805,38.853285745324996
-104.701468619375,38.853285745324996
-104.701468619375,38.85234404041499
-104.722858752805,38.85234404041499
-104.722858752805,38.853285745324996

Cherokee Village South Course-Cherokee Village,AR.png
-91.595674,36.288613
-91.616144850525,36.292940354325
-91.569104495355,36.292940354325
-91.569104495355,36.297559186994995
-91.616144850525,36.297559186994995
-91.616144850525,36.292940354325

Chestnut Hill Country Club-Darien Center,NY.png
-78.391874,42.901048
-78.40467668983,42.903761004705004
-78.38023722934001,42.903761004705004
-78.38023722934001,42.903895532875
-78.40467668983,42.903895532875
-78.40467668983,42.903761004705004

Chicago Golf Club-Wheaton,IL.png
-88.115759,41.850324
-88.12614016539999,41.854023551695
-88.10107290228,41.854023551695
-88.10107290228,41.856131173845
-88.12614016539999,41.856131173845
-88.12614016539999,41.854023551695

Chikaming Country Club-Lakeside,MI.png
-86.667891,41.84735
-86.671142121245,41.84956973121
-86.648944813005,41.84956973121
-86.648944813005,41.84970425938
-86.671142121245,41.84970425938
-86.671142121245,41.84956973121

Chippewa Golf Club-Curtice,OH.png
-83.387267,41.602359
-83.40231184208,41.604489045120005
-83.37033875003,41.604489045120005
-83.37033875003,41.60372671239
-83.40231184208,41.60372671239
-83.40231184208,41.604489045120005

Chowan Golf  Country Club-Edenton,NC.png
-76.546274,36.011549
-76.55046682518999,36.007759763180005
-76.52163274629,36.007759763180005
-76.52163274629,36.00897052443
-76.55046682518999,36.00897052443
-76.55046682518999,36.007759763180005

Cimarron Trails Golf Club-Perkins,OK.png
-97.024982,35.98487
-97.03769500373998,35.977403633490006
-97.00957841355999,35.977403633490006
-97.00957841355999,35.97646192858
-97.03769500373998,35.97646192858
-97.03769500373998,35.977403633490006

Clear Creek Tahoe-Minden,NV.png
-119.839552,39.106003
-119.85594213342999,39.108043359030006
-119.82369998311,39.108043359030006
-119.82369998311,39.1108684699
-119.85594213342999,39.1108684699
-119.85594213342999,39.108043359030006

Clearwater Executive Golf Course-Clearwater,FL.png
-82.759952,27.971628
-82.76670087875499,27.965551767885
-82.747014781035,27.965551767885
-82.747014781035,27.965775982145
-82.76670087875499,27.965775982145
-82.76670087875499,27.965551767885

Clinton Country Club-Clinton,MO.png
-93.713156,38.379865
-93.71994972179999,38.373968140065
-93.6938062256,38.373968140065
-93.6938062256,38.374551098685
-93.71994972179999,38.374551098685
-93.71994972179999,38.373968140065

Clinton Heights Golf Course-Tiffin,OH.png
-83.118401,41.138713
-83.1269884436,41.141784749065
-83.10272835529001,41.141784749065
-83.10272835529001,41.140215241525
-83.1269884436,41.140215241525
-83.1269884436,41.141784749065

Club At Creighton Farms-Aldie,VA.png
-77.617504,38.992195
-77.62026184774999,38.984325046085004
-77.59375960719,38.984325046085004
-77.59375960719,38.993338497165
-77.62026184774999,38.993338497165
-77.62026184774999,38.984325046085004

Coal Creek Golf Course-Louisville,CO.png
-105.152525,39.958
-105.167345626855,39.950443947400004
-105.129632625045,39.950443947400004
-105.129632625045,39.95775336277
-105.167345626855,39.95775336277
-105.167345626855,39.950443947400004

Cobble Hill Golf Course-Elizabethtown,NY.png
-73.599559,44.21195
-73.616890837375,44.20457331958001
-73.577473799855,44.20457331958001
-73.577473799855,44.210806501869996
-73.616890837375,44.210806501869996
-73.616890837375,44.20457331958001

Cobbossee Colony Golf Course-Monmouth,ME.png
-69.956877,44.219993
-69.962459959585,44.214320355290006
-69.94447789757501,44.214320355290006
-69.94447789757501,44.22064322367
-69.962459959585,44.22064322367
-69.962459959585,44.214320355290006

Coffin Golf Club-Indianapolis,IN.png
-86.202972,39.800834
-86.20806168609,39.793053732175004
-86.18138007335001,39.793053732175004
-86.18138007335001,39.804129963324996
-86.20806168609,39.804129963324996
-86.20806168609,39.793053732175004

Colonial Golfers Club-Harrod,OH.png
-83.897464,40.732509
-83.90766579321999,40.726612140065
-83.87856265605001,40.726612140065
-83.87856265605001,40.725939493424995
-83.90766579321999,40.725939493424995
-83.90766579321999,40.726612140065

Colorado Golf Club-Parker,CO.png
-104.733778,39.476827
-104.75267934394999,39.475773188925004
-104.71846409965,39.475773188925004
-104.71846409965,39.480750765954994
-104.75267934394999,39.480750765954994
-104.75267934394999,39.475773188925004

Continental Golf Course-Scottsdale,AZ.png
-111.910229,33.487726
-111.91765052443,33.482860530100005
-111.90047563723,33.482860530100005
-111.90047563723,33.48828653758
-111.91765052443,33.48828653758
-111.91765052443,33.482860530100005

Cookeville Golf Club-Cookeville,TN.png
-85.474741,36.182422
-85.47951678477499,36.17903635058501
-85.454628893835,36.17903635058501
-85.454628893835,36.178184331765
-85.47951678477499,36.178184331765
-85.47951678477499,36.17903635058501

Copper Ridge Golf Club-Davison,MI.png
-83.536692,42.990902
-83.55066060899999,42.984467023525
-83.51770096996,42.984467023525
-83.51770096996,42.98496029605499
-83.55066060899999,42.98496029605499
-83.55066060899999,42.984467023525

Coral Canyon Golf Course-Washington,UT.png
-113.447613,37.157481
-113.46489999433,37.15458862408
-113.42978788913001,37.15458862408
-113.42978788913001,37.161001178549995
-113.46489999433,37.161001178549995
-113.46489999433,37.15458862408

Coral Ridge Country Club-Fort Lauderdale,FL.png
-80.106669,26.175966
-80.12395599432999,26.168454790444997
-80.0989784173,26.168454790444997
-80.0989784173,26.172356134395
-80.12395599432999,26.172356134395
-80.12395599432999,26.168454790444997

CordeValle Golf Club-San Martin,CA.png
-121.633087,37.067913
-121.64813184208,37.06421344927
-121.61544126131001,37.06421344927
-121.61544126131001,37.06811479322
-121.64813184208,37.06811479322
-121.64813184208,37.06421344927

Cordova Golf Course-Sacramento,CA.png
-121.346652,38.532264
-121.35514975751,38.52587386657
-121.33420805453001,38.52587386657
-121.33420805453001,38.526367139099996
-121.35514975751,38.526367139099996
-121.35514975751,38.52587386657

Coronado Country Club-El Paso,TX.png
-106.515558,31.851529
-106.53024409772,31.852807027264998
-106.49925755266,31.852807027264998
-106.49925755266,31.852941555435
-106.53024409772,31.852941555435
-106.53024409772,31.852807027264998

Correctionville Golf Course-Correctionville,IA.png
-95.780733,42.483957
-95.78492582518999,42.483800049825
-95.76613658837,42.483800049825
-95.76613658837,42.479001843045
-95.78492582518999,42.479001843045
-95.78492582518999,42.483800049825

Cortez Golf Course-Hot Springs Village,AR.png
-92.985694,34.699148
-92.99724108456999,34.70038118422001
-92.96320521245,34.70038118422001
-92.96320521245,34.70213006201
-92.99724108456999,34.70213006201
-92.99724108456999,34.70038118422001

Corvallis Country Club-Corvallis,OR.png
-123.29309,44.54676
-123.306296277235,44.54718600941
-123.280601211485,44.54718600941
-123.280601211485,44.54938331765
-123.306296277235,44.54938331765
-123.306296277235,44.54718600941

Country Club of Billerica-Billerica,MA.png
-71.237478,42.554963
-71.24409234961999,42.555254480275
-71.21803853951,42.555254480275
-71.21803853951,42.555747752805
-71.24409234961999,42.555747752805
-71.24409234961999,42.555254480275

Country Club of Decatur-Decatur,IL.png
-88.88805,39.844548
-88.89340874436,39.845198224635006
-88.86932802823002,39.845198224635006
-88.86932802823002,39.844525577995
-88.89340874436,39.844525577995
-88.89340874436,39.845198224635006

Country Club of Halifax-Halifax,MA.png
-70.848488,41.991162
-70.868488,42.001162
-70.82848800000001,42.001162
-70.82848800000001,41.981162000000005
-70.868488,41.981162000000005
-70.868488,42.001162

Country Club of Indianapolis-Indianapolis,IN.png
-86.307769,39.805618
-86.31276899999999,39.804743561105006
-86.28904702823,39.804743561105006
-86.28904702823,39.805505891905
-86.31276899999999,39.805505891905
-86.31276899999999,39.804743561105006

Country Club of Jackson-Jackson,MS.png
-90.100759,32.397525
-90.11445855072999,32.398264910725004
-90.07575900193,32.398264910725004
-90.07575900193,32.396516031005
-90.11445855072999,32.396516031005
-90.11445855072999,32.398264910725004

Country Club of New Bedford-North Dartmouth,MA.png
-70.97268,41.640928
-70.98628986463999,41.634941453975
-70.95709704138,41.634941453975
-70.95709704138,41.637676878755
-70.98628986463999,41.637676878755
-70.98628986463999,41.634941453975

Country Club of the Poconos-Marshalls Creek,PA.png
-75.136897,41.047987
-75.15481179696,41.0458121128
-75.11575350380001,41.0458121128
-75.11575350380001,41.05177623682
-75.15481179696,41.05177623682
-75.15481179696,41.0458121128

Country Meadows Golf Club-Peoria,AZ.png
-112.289644,33.557227
-112.303388393775,33.55550054325
-112.271235929545,33.55550054325
-112.271235929545,33.55455883833999
-112.303388393775,33.55455883833999
-112.303388393775,33.55550054325

Covington Country Club-Covington,LA.png
-90.101252,30.416207
-90.110870833635,30.415242875015
-90.07961523030501,30.415242875015
-90.07961523030501,30.417350497165
-90.110870833635,30.417350497165
-90.110870833635,30.415242875015

Coyote del Malpais Golf Course-Grants,NM.png
-107.804181,35.146583
-107.81626620111,35.14700900941
-107.78160252636,35.14700900941
-107.78160252636,35.14893725938
-107.81626620111,35.14893725938
-107.81626620111,35.14700900941

Coyote Preserve Golf Club-Fenton,MI.png
-83.776832,42.76081
-83.793266976475,42.757514036675005
-83.756181777295,42.757514036675005
-83.756181777295,42.760159775365
-83.793266976475,42.760159775365
-83.793266976475,42.757514036675005

Crystal Woods Golf Club-Woodstock,IL.png
-88.422578,42.2419
-88.43856454602499,42.240756502835005
-88.41421477162501,42.240756502835005
-88.41421477162501,42.239366367475
-88.43856454602499,42.239366367475
-88.43856454602499,42.240756502835005

Cypress Lakes Golf Course-Vacaville,CA.png
-121.915501,38.322682
-121.93951445108,38.31862370491
-121.90619606768001,38.31862370491
-121.90619606768001,38.31732325564
-121.93951445108,38.31732325564
-121.93951445108,38.31862370491

Cypress Lakes Golf  Country Club-Muscle Shoals,AL.png
-87.659718,34.730226
-87.669067775365,34.724104924840006
-87.637812172035,34.724104924840006
-87.637812172035,34.72423945301
-87.669067775365,34.72423945301
-87.669067775365,34.724104924840006

Country Club of Buffalo-Williamsville,NY.png
-78.724707,42.969145
-78.734325833635,42.961633790445
-78.704863952105,42.961633790445
-78.704863952105,42.965176390035
-78.734325833635,42.965176390035
-78.734325833635,42.961633790445

Deerwood Country Club-Westampton,NJ.png
-74.794399,40.010933
-74.80769496332499,40.00239040041001
-74.774914696465,40.00239040041001
-74.774914696465,40.00718860526
-74.80769496332499,40.00718860526
-74.80769496332499,40.00239040041001

Dennis Highland Golf Course-Dennis,MA.png
-70.181237,41.731472
-70.19134910713,41.73270518422
-70.16421906394,41.73270518422
-70.16421906394,41.73848993605999
-70.19134910713,41.73848993605999
-70.19134910713,41.73270518422

Detwiler Park Golf Course-Toledo,OH.png
-83.481696,41.693963
-83.49844487778999,41.685913673905
-83.46709958837,41.685913673905
-83.46709958837,41.690711878754996
-83.49844487778999,41.690711878754996
-83.49844487778999,41.685913673905

Diamond Back Golf Club-Abilene,TX.png
-99.692948,32.401581
-99.70539194547,32.396267099650004
-99.67772378574,32.396267099650004
-99.67772378574,32.39550476692
-99.70539194547,32.39550476692
-99.70539194547,32.396267099650004

Diablo Country Club-Diablo,CA.png
-121.958615,37.836663
-121.98173159017999,37.831214570515
-121.94697822934,37.831214570515
-121.94697822934,37.833232506575
-121.98173159017999,37.833232506575
-121.98173159017999,37.831214570515

Diamond Hawk Golf Course-Cheektowaga,NY.png
-78.714672,42.92841
-78.71913388345999,42.922782198335
-78.69415630643,42.922782198335
-78.69415630643,42.929194752804996
-78.71913388345999,42.929194752804996
-78.71913388345999,42.922782198335

Discovery Bay Country Club-Discovery Bay,CA.png
-121.593697,37.894197
-121.60802435336001,37.8884346692
-121.57649969176,37.8884346692
-121.57649969176,37.89296381577999
-121.60802435336001,37.89296381577999
-121.60802435336001,37.8884346692

Dos Lagos Golf Club-Anthony,NM.png
-106.598618,32.019175
-106.607788403185,32.01861446242
-106.58191396525501,32.01861446242
-106.58191396525501,32.01812118795999
-106.607788403185,32.01812118795999
-106.607788403185,32.01861446242

Double Eagle Club-Galena,OH.png
-82.947027,40.238374
-82.95974000374,40.230593732175
-82.93243058837001,40.230593732175
-82.93243058837001,40.231894179514995
-82.95974000374,40.231894179514995
-82.95974000374,40.230593732175

Doubletree Golf Resort-San Diego,CA.png
-117.091142,32.978265
-117.097801192665,32.96828742297
-117.07219581300501,32.96828742297
-117.07219581300501,32.97102284775
-117.097801192665,32.97102284775
-117.097801192665,32.96828742297

Douglas Golf  Country Club-Douglas,GA.png
-82.836099,31.522764
-82.83742187031,31.51682229702
-82.80526940608001,31.51682229702
-82.80526940608001,31.51749494173
-82.83742187031,31.51749494173
-82.83742187031,31.51682229702

