1757 Golf Club-Dulles,VA.png
-77.448997,39.008557
-77.468997,39.018557
-77.42899700000001,39.018557
-77.42899700000001,38.998557000000005
-77.468997,38.998557000000005
-77.468997,39.018557

3 30 Golf  Country Club-Lowden,IA.png
-90.917396,41.85589
-90.93739599999999,41.86589
-90.897396,41.86589
-90.897396,41.845890000000004
-90.93739599999999,41.845890000000004
-90.93739599999999,41.86589

93 Golf Ranch-Jerome,ID.png
-114.441458,42.695407
-114.461458,42.705407
-114.421458,42.705407
-114.421458,42.685407000000005
-114.461458,42.685407000000005
-114.461458,42.705407

Abenaqui Country Club Inc-Rye Beach,NH.png
-70.765099,42.977428
-70.785099,42.987428
-70.74509900000001,42.987428
-70.74509900000001,42.967428000000005
-70.785099,42.967428000000005
-70.785099,42.987428

Aberdeen Country Club-Longs,SC.png
-78.719825,33.925382
-78.739825,33.935382
-78.699825,33.935382
-78.699825,33.915382
-78.739825,33.915382
-78.739825,33.935382

Abilene Country Club-Abilene,TX.png
-99.742281,32.403663
-99.762281,32.413663
-99.72228100000001,32.413663
-99.72228100000001,32.393663000000004
-99.762281,32.393663000000004
-99.762281,32.413663

Acushnet River Valley Golf Course-Acushnet,MA.png
-70.885447,41.712772
-70.905447,41.722772
-70.865447,41.722772
-70.865447,41.702772
-70.905447,41.702772
-70.905447,41.722772

Adams Municipal Golf Course-Bartlesville,OK.png
-95.909718,36.756839
-95.929718,36.766839
-95.889718,36.766839
-95.889718,36.746839
-95.929718,36.746839
-95.929718,36.766839

Adios Golf Club-Coconut Creek,FL.png
-80.177335,26.326454
-80.197335,26.336454
-80.157335,26.336454
-80.157335,26.316453999999997
-80.197335,26.316453999999997
-80.197335,26.336454

Adirondack Golf  Country Club-Peru,NY.png
-73.484721,44.608492
-73.50472099999999,44.618491999999996
-73.464721,44.618491999999996
-73.464721,44.598492
-73.50472099999999,44.598492
-73.50472099999999,44.618491999999996

Admiral Baker Golf Course-San Diego,CA.png
-117.103797,32.792723
-117.123797,32.802723
-117.083797,32.802723
-117.083797,32.782723000000004
-117.123797,32.782723000000004
-117.123797,32.802723

Afton Alps Golf Course-Hastings,MN.png
-92.791315,44.85314
-92.811315,44.86314
-92.771315,44.86314
-92.771315,44.843140000000005
-92.811315,44.843140000000005
-92.811315,44.86314

Agawam Hunt-Rumford,RI.png
-71.360672,41.83389
-71.38067199999999,41.843889999999995
-71.340672,41.843889999999995
-71.340672,41.82389
-71.38067199999999,41.82389
-71.38067199999999,41.843889999999995

Aguila Golf Course-Laveen,AZ.png
-112.142179,33.369142
-112.162179,33.379141999999995
-112.122179,33.379141999999995
-112.122179,33.359142
-112.162179,33.359142
-112.162179,33.379141999999995

Airco Golf Course-Clearwater,FL.png
-82.684029,27.897031
-82.70402899999999,27.907031
-82.664029,27.907031
-82.664029,27.887030999999997
-82.70402899999999,27.887030999999997
-82.70402899999999,27.907031

Airways Golf Course-Fresno,CA.png
-119.706261,36.779259
-119.726261,36.789259
-119.686261,36.789259
-119.686261,36.769259000000005
-119.726261,36.769259000000005
-119.726261,36.789259

Alamance Country Club-Burlington,NC.png
-79.488563,36.090451
-79.508563,36.100451
-79.468563,36.100451
-79.468563,36.080451000000004
-79.508563,36.080451000000004
-79.508563,36.100451

Algona Country Club-Algona,IA.png
-94.251079,43.078095
-94.271079,43.088094999999996
-94.23107900000001,43.088094999999996
-94.23107900000001,43.068095
-94.271079,43.068095
-94.271079,43.088094999999996

Aliso Viejo Country Club-Aliso Viejo,CA.png
-117.726909,33.600129
-117.746909,33.610129
-117.70690900000001,33.610129
-117.70690900000001,33.590129000000005
-117.746909,33.590129000000005
-117.746909,33.610129

Adam Springs Golf Course-Loch Lomond,CA.png
-122.723227,38.849236
-122.74322699999999,38.859235999999996
-122.703227,38.859235999999996
-122.703227,38.839236
-122.74322699999999,38.839236
-122.74322699999999,38.859235999999996

Allegheny Country Club-Sewickley,PA.png
-80.164326,40.559599
-80.184326,40.569599
-80.144326,40.569599
-80.144326,40.549599
-80.184326,40.549599
-80.184326,40.569599

Allendale Country Club-North Dartmouth,MA.png
-70.97218,41.621081
-70.99217999999999,41.631080999999995
-70.95218,41.631080999999995
-70.95218,41.611081
-70.99217999999999,41.611081
-70.99217999999999,41.631080999999995

Allentown MunicipalBenner Fairways Golf Course-Allentown,PA.png
-75.533124,40.596072
-75.553124,40.606072
-75.513124,40.606072
-75.513124,40.586072
-75.553124,40.586072
-75.553124,40.606072

Almaden Golf  Country Club-San Jose,CA.png
-121.865566,37.214729
-121.885566,37.224728999999996
-121.845566,37.224728999999996
-121.845566,37.204729
-121.885566,37.204729
-121.885566,37.224728999999996

Alondra Park Golf Course-Lawndale,CA.png
-118.343756,33.881768
-118.363756,33.891768
-118.323756,33.891768
-118.323756,33.871768
-118.363756,33.871768
-118.363756,33.891768

Alotian Golf Club-Roland,AR.png
-92.581795,34.867591
-92.601795,34.877590999999995
-92.561795,34.877590999999995
-92.561795,34.857591
-92.601795,34.857591
-92.601795,34.877590999999995

Alpine Country Club-Cranston,RI.png
-71.547564,41.784463
-71.56756399999999,41.794463
-71.527564,41.794463
-71.527564,41.774463000000004
-71.56756399999999,41.774463000000004
-71.56756399999999,41.794463

Alpine Ridge Golf Club-Hollis,NH.png
-71.545956,42.713929
-71.565956,42.723929
-71.52595600000001,42.723929
-71.52595600000001,42.703929
-71.565956,42.703929
-71.565956,42.723929

Alta Golf  Country Club-Alta,IA.png
-95.297789,42.6694
-95.31778899999999,42.6794
-95.277789,42.6794
-95.277789,42.659400000000005
-95.31778899999999,42.659400000000005
-95.31778899999999,42.6794

Altavista Country Club-Hurt,VA.png
-79.306136,37.078988
-79.32613599999999,37.088988
-79.286136,37.088988
-79.286136,37.068988000000004
-79.32613599999999,37.068988000000004
-79.32613599999999,37.088988

Alvamar Country Club-Lawrence,KS.png
-95.290866,38.951239
-95.31086599999999,38.961239
-95.270866,38.961239
-95.270866,38.941239
-95.31086599999999,38.941239
-95.31086599999999,38.961239

Alvamar Public Golf Course-Lawrence,KS.png
-95.290857,38.951653
-95.310857,38.961653
-95.270857,38.961653
-95.270857,38.941653
-95.310857,38.941653
-95.310857,38.961653

Alwyn Downs Golf Club-Marshall,MI.png
-84.963703,42.254931
-84.98370299999999,42.264931
-84.943703,42.264931
-84.943703,42.244931
-84.98370299999999,42.244931
-84.98370299999999,42.264931

Amelia Island Plantation-Amelia Island,FL.png
-81.448109,30.554223
-81.468109,30.564223000000002
-81.428109,30.564223000000002
-81.428109,30.544223
-81.468109,30.544223
-81.468109,30.564223000000002

Amelia National Golf  Country Club-Fernandina Beach,FL.png
-81.538277,30.601772
-81.55827699999999,30.611772000000002
-81.518277,30.611772000000002
-81.518277,30.591772
-81.55827699999999,30.591772
-81.55827699999999,30.611772000000002

American Legion Country Club-Fort Dodge,IA.png
-94.214702,42.530626
-94.234702,42.540625999999996
-94.194702,42.540625999999996
-94.194702,42.520626
-94.234702,42.520626
-94.234702,42.540625999999996

American Legion Country Club-Mount Union,PA.png
-77.825379,40.364205
-77.845379,40.374204999999996
-77.805379,40.374204999999996
-77.805379,40.354205
-77.845379,40.354205
-77.845379,40.374204999999996

American Legion Golf Course-Kokomo,IN.png
-86.126863,40.458976
-86.146863,40.468976
-86.106863,40.468976
-86.106863,40.448976
-86.146863,40.448976
-86.146863,40.468976

American Legion Golf Course-Marshalltown,IA.png
-92.922461,42.03302
-92.942461,42.04302
-92.902461,42.04302
-92.902461,42.02302
-92.942461,42.02302
-92.942461,42.04302

Ames Golf  Country Club-Ames,IA.png
-93.659206,42.073651
-93.679206,42.083650999999996
-93.639206,42.083650999999996
-93.639206,42.063651
-93.679206,42.063651
-93.679206,42.083650999999996

Amherst Country Club Inc-Amherst,NH.png
-71.607847,42.827537
-71.627847,42.837537
-71.58784700000001,42.837537
-71.58784700000001,42.817537
-71.627847,42.817537
-71.627847,42.837537

Anaconda Country Club-Anaconda,MT.png
-112.841347,46.114347
-112.861347,46.124347
-112.821347,46.124347
-112.821347,46.104347000000004
-112.861347,46.104347000000004
-112.861347,46.124347

Anaconda Hills Golf Course-Black Eagle,MT.png
-111.273202,47.524918
-111.293202,47.534918
-111.253202,47.534918
-111.253202,47.514918
-111.293202,47.514918
-111.293202,47.534918

Andalusia Country Club-Andalusia,AL.png
-86.511445,31.315197
-86.53144499999999,31.325197000000003
-86.491445,31.325197000000003
-86.491445,31.305197
-86.53144499999999,31.305197
-86.53144499999999,31.325197000000003

Anderson Country Club-Anderson,IN.png
-85.686812,40.122794
-85.706812,40.132794
-85.66681200000001,40.132794
-85.66681200000001,40.112794
-85.706812,40.112794
-85.706812,40.132794

Anderson Field Golf Course-Streator,IL.png
-88.835691,41.142218
-88.855691,41.152218
-88.815691,41.152218
-88.815691,41.132218
-88.855691,41.132218
-88.855691,41.152218

Andover Country Club-Andover,MA.png
-71.163621,42.672057
-71.183621,42.682057
-71.14362100000001,42.682057
-71.14362100000001,42.662057000000004
-71.183621,42.662057000000004
-71.183621,42.682057

Andrew Johnson Golf Club-Greeneville,TN.png
-82.868088,36.132323
-82.888088,36.142323
-82.848088,36.142323
-82.848088,36.122323
-82.888088,36.122323
-82.888088,36.142323

Angel Park Golf Club-Las Vegas,NV.png
-115.28682,36.173842
-115.30682,36.183842
-115.26682000000001,36.183842
-115.26682000000001,36.163842
-115.30682,36.163842
-115.30682,36.183842

Angushire Golf Course-Saint Cloud,MN.png
-94.213636,45.547452
-94.23363599999999,45.557452
-94.193636,45.557452
-94.193636,45.537452
-94.23363599999999,45.537452
-94.23363599999999,45.557452

Ankeny Golf  Country Club-Ankeny,IA.png
-93.6395,41.72774
-93.6595,41.737739999999995
-93.6195,41.737739999999995
-93.6195,41.71774
-93.6595,41.71774
-93.6595,41.737739999999995

Annbriar Golf Course-Waterloo,IL.png
-90.200299,38.353804
-90.220299,38.363803999999995
-90.180299,38.363803999999995
-90.180299,38.343804
-90.220299,38.343804
-90.220299,38.363803999999995

Anniston Country Club-Anniston,AL.png
-85.818524,33.651845
-85.83852399999999,33.661845
-85.798524,33.661845
-85.798524,33.641845
-85.83852399999999,33.641845
-85.83852399999999,33.661845

Anthem Country Club-Henderson,NV.png
-115.082238,35.966233
-115.102238,35.976233
-115.06223800000001,35.976233
-115.06223800000001,35.956233000000005
-115.102238,35.956233000000005
-115.102238,35.976233

Apache Wells Country Club-Mesa,AZ.png
-111.710286,33.458563
-111.73028599999999,33.468562999999996
-111.690286,33.468562999999996
-111.690286,33.448563
-111.73028599999999,33.448563
-111.73028599999999,33.468562999999996

Apple Valley Country Club-Apple Valley,CA.png
-117.227773,34.526018
-117.247773,34.536018
-117.207773,34.536018
-117.207773,34.516018
-117.247773,34.516018
-117.247773,34.536018

Apple Valley Golf Course-Howard,OH.png
-82.35278,40.446031
-82.37277999999999,40.456030999999996
-82.33278,40.456030999999996
-82.33278,40.436031
-82.37277999999999,40.436031
-82.37277999999999,40.456030999999996

Applewood Golf Course-Keysville,GA.png
-82.078264,33.194702
-82.098264,33.204702
-82.05826400000001,33.204702
-82.05826400000001,33.184702
-82.098264,33.184702
-82.098264,33.204702

Applewood Hills Golf Course-Stillwater,MN.png
-92.870033,45.03632
-92.890033,45.04632
-92.85003300000001,45.04632
-92.85003300000001,45.026320000000005
-92.890033,45.026320000000005
-92.890033,45.04632

Aquarina Beach  Country Club-Melbourne Beach,FL.png
-80.489927,27.922619
-80.50992699999999,27.932619000000003
-80.469927,27.932619000000003
-80.469927,27.912619
-80.50992699999999,27.912619
-80.50992699999999,27.932619000000003

Arbor Hills Country Club-Jackson,MI.png
-84.482801,42.23247
-84.50280099999999,42.24247
-84.462801,42.24247
-84.462801,42.22247
-84.50280099999999,42.22247
-84.50280099999999,42.24247

Arbuckle Golf Club-Arbuckle,CA.png
-122.141513,39.011947
-122.161513,39.021947
-122.12151300000001,39.021947
-122.12151300000001,39.001947
-122.161513,39.001947
-122.161513,39.021947

Arcadia Bluffs Golf Club-Arcadia,MI.png
-86.232654,44.4544
-86.25265399999999,44.4644
-86.212654,44.4644
-86.212654,44.4444
-86.25265399999999,44.4444
-86.25265399999999,44.4644

Arcadia Golf Course-Arcadia,FL.png
-81.84623,27.24549
-81.86623,27.25549
-81.82623000000001,27.25549
-81.82623000000001,27.23549
-81.86623,27.23549
-81.86623,27.25549

Arcadian Shores Golf Club-Myrtle Beach,SC.png
-78.775242,33.779135
-78.795242,33.789134999999995
-78.75524200000001,33.789134999999995
-78.75524200000001,33.769135
-78.795242,33.769135
-78.795242,33.789134999999995

Argyle Country Club-Silver Spring,MD.png
-77.046474,39.096388
-77.066474,39.106387999999995
-77.02647400000001,39.106387999999995
-77.02647400000001,39.086388
-77.066474,39.086388
-77.066474,39.106387999999995

Arizona National Golf Club-Tucson,AZ.png
-110.783509,32.301368
-110.80350899999999,32.311367999999995
-110.763509,32.311367999999995
-110.763509,32.291368
-110.80350899999999,32.291368
-110.80350899999999,32.311367999999995

Arlington Greens Golf Course-Granite City,IL.png
-90.03856,38.70783
-90.05856,38.71783
-90.01856000000001,38.71783
-90.01856000000001,38.69783
-90.05856,38.69783
-90.05856,38.71783

Armitage Golf Course-Mechanicsburg,PA.png
-76.962152,40.261668
-76.982152,40.271668
-76.94215200000001,40.271668
-76.94215200000001,40.251668
-76.982152,40.251668
-76.982152,40.271668

Army Navy Country Club 1-Arlington,VA.png
-77.069675,38.859007
-77.089675,38.869006999999996
-77.04967500000001,38.869006999999996
-77.04967500000001,38.849007
-77.089675,38.849007
-77.089675,38.869006999999996

Army Navy Country Club-Fairfax,VA.png
-77.278421,38.860875
-77.29842099999999,38.870875
-77.258421,38.870875
-77.258421,38.850875
-77.29842099999999,38.850875
-77.29842099999999,38.870875

Aronimink Golf Club-Newtown Square,PA.png
-75.413925,40.011178
-75.433925,40.021178
-75.39392500000001,40.021178
-75.39392500000001,40.001178
-75.433925,40.001178
-75.433925,40.021178

ArrowCreek Golf Club-Reno,NV.png
-119.808559,39.412817
-119.828559,39.422816999999995
-119.788559,39.422816999999995
-119.788559,39.402817
-119.828559,39.402817
-119.828559,39.422816999999995

Arrowhead Country Club-Caro,MI.png
-83.377661,43.48208
-83.397661,43.49208
-83.35766100000001,43.49208
-83.35766100000001,43.472080000000005
-83.397661,43.472080000000005
-83.397661,43.49208

Arrowhead Country Club-Edelstein,IL.png
-89.610251,40.923904
-89.630251,40.933904
-89.59025100000001,40.933904
-89.59025100000001,40.913904
-89.630251,40.913904
-89.630251,40.933904

Arrowhead Country Club-Myrtle Beach,SC.png
-78.952397,33.712117
-78.972397,33.722117
-78.93239700000001,33.722117
-78.93239700000001,33.702117
-78.972397,33.702117
-78.972397,33.722117

Arrowhead Country Club-Rapid City,SD.png
-103.266277,44.04819
-103.286277,44.058189999999996
-103.246277,44.058189999999996
-103.246277,44.03819
-103.286277,44.03819
-103.286277,44.058189999999996

Arrowhead Country Club-San Bernardino,CA.png
-117.276583,34.15378
-117.296583,34.163779999999996
-117.256583,34.163779999999996
-117.256583,34.14378
-117.296583,34.14378
-117.296583,34.163779999999996

Arrowhead Golf  Country Club-Montgomery,AL.png
-86.144678,32.378926
-86.164678,32.388926
-86.124678,32.388926
-86.124678,32.368926
-86.164678,32.368926
-86.164678,32.388926

Arrowhead Golf Club-Littleton,CO.png
-105.078342,39.453073
-105.098342,39.463073
-105.05834200000001,39.463073
-105.05834200000001,39.443073000000005
-105.098342,39.443073000000005
-105.098342,39.463073

Arrowhead Golf Club-Wheaton,IL.png
-88.133359,41.829901
-88.153359,41.839901
-88.113359,41.839901
-88.113359,41.819901
-88.153359,41.819901
-88.153359,41.839901

Arrowhead Golf Course At Heritage Greens-Naples,FL.png
-81.711422,26.265659
-81.731422,26.275659
-81.691422,26.275659
-81.691422,26.255658999999998
-81.731422,26.255658999999998
-81.731422,26.275659

Arrowhead Golf Course-Spencerport,NY.png
-77.873589,43.201242
-77.89358899999999,43.211242
-77.853589,43.211242
-77.853589,43.191242
-77.89358899999999,43.191242
-77.89358899999999,43.211242

Arthur B Sim Park Golf Course-Wichita,KS.png
-97.363053,37.697633
-97.38305299999999,37.707633
-97.343053,37.707633
-97.343053,37.687633000000005
-97.38305299999999,37.687633000000005
-97.38305299999999,37.707633

Ascarate Municipal Golf Course-El Paso,TX.png
-106.40151,31.760312
-106.42151,31.770312
-106.38151,31.770312
-106.38151,31.750311999999997
-106.42151,31.750311999999997
-106.42151,31.770312

Asheville Municipal Golf Course-Asheville,NC.png
-82.501148,35.578462
-82.521148,35.588462
-82.481148,35.588462
-82.481148,35.568462000000004
-82.521148,35.568462000000004
-82.521148,35.588462

Athens Country Club-Athens,GA.png
-83.413615,33.97446
-83.43361499999999,33.98446
-83.393615,33.98446
-83.393615,33.96446
-83.43361499999999,33.96446
-83.43361499999999,33.98446

Atlantic Country Club-Plymouth,MA.png
-70.594211,41.79837
-70.614211,41.80837
-70.574211,41.80837
-70.574211,41.78837
-70.614211,41.78837
-70.614211,41.80837

Atwood Homestead Golf Course-Rockford,IL.png
-89.0594,42.389915
-89.07939999999999,42.399915
-89.0394,42.399915
-89.0394,42.379915000000004
-89.07939999999999,42.379915000000004
-89.07939999999999,42.399915

Audubon Country Club-Louisville,KY.png
-85.729906,38.200085
-85.749906,38.210085
-85.709906,38.210085
-85.709906,38.190085
-85.749906,38.190085
-85.749906,38.210085

Auglaize Country Club-Defiance,OH.png
-84.446294,41.205401
-84.46629399999999,41.215401
-84.426294,41.215401
-84.426294,41.195401000000004
-84.46629399999999,41.195401000000004
-84.46629399999999,41.215401

Augusta Country Club-Manchester,ME.png
-69.877786,44.323184
-69.897786,44.333183999999996
-69.857786,44.333183999999996
-69.857786,44.313184
-69.897786,44.313184
-69.897786,44.333183999999996

Augustine Golf Club-Stafford,VA.png
-77.477231,38.443683
-77.497231,38.453683
-77.45723100000001,38.453683
-77.45723100000001,38.433683
-77.497231,38.433683
-77.497231,38.453683

Aurora Hills Golf Course-Aurora,CO.png
-104.847101,39.715055
-104.86710099999999,39.725055
-104.827101,39.725055
-104.827101,39.705055
-104.86710099999999,39.705055
-104.86710099999999,39.725055

Austin Country Club-Austin,MN.png
-92.929654,43.672508
-92.949654,43.682508
-92.909654,43.682508
-92.909654,43.662508
-92.949654,43.662508
-92.949654,43.682508

Austin Country Club-Austin,TX.png
-97.798386,30.34108
-97.81838599999999,30.351080000000003
-97.778386,30.351080000000003
-97.778386,30.33108
-97.81838599999999,30.33108
-97.81838599999999,30.351080000000003

Austin Golf Club-Spicewood,TX.png
-98.102994,30.406454
-98.12299399999999,30.416454
-98.082994,30.416454
-98.082994,30.396454
-98.12299399999999,30.396454
-98.12299399999999,30.416454

Avalon Country Club-Cape May Court House,NJ.png
-74.793259,39.118871
-74.813259,39.128871
-74.77325900000001,39.128871
-74.77325900000001,39.108871
-74.813259,39.108871
-74.813259,39.128871

Avalon Lakes Golf Inc-Warren,OH.png
-80.715277,41.238258
-80.735277,41.248258
-80.695277,41.248258
-80.695277,41.228258000000004
-80.735277,41.228258000000004
-80.735277,41.248258

Avoca Golf Course-Avoca,IA.png
-95.333976,41.491872
-95.353976,41.501872
-95.31397600000001,41.501872
-95.31397600000001,41.481872
-95.353976,41.481872
-95.353976,41.501872

Avon Oaks Country Club-Avon,OH.png
-81.973745,41.456695
-81.99374499999999,41.466695
-81.953745,41.466695
-81.953745,41.446695000000005
-81.99374499999999,41.446695000000005
-81.99374499999999,41.466695

Avondale Golf  Tennis Club-Hayden Lake,ID.png
-116.758944,47.768951
-116.778944,47.778951
-116.738944,47.778951
-116.738944,47.758951
-116.778944,47.758951
-116.778944,47.778951

Awbrey Glen Golf Club-Bend,OR.png
-121.349303,44.079074
-121.369303,44.089074
-121.32930300000001,44.089074
-121.32930300000001,44.069074
-121.369303,44.069074
-121.369303,44.089074

Azusa Greens Country Club-Azusa,CA.png
-117.918977,34.14266
-117.938977,34.15266
-117.898977,34.15266
-117.898977,34.13266
-117.938977,34.13266
-117.938977,34.15266

Babbitt Golf Course-Babbitt,MN.png
-91.98166,47.715874
-92.00166,47.725874
-91.96166000000001,47.725874
-91.96166000000001,47.705874
-92.00166,47.705874
-92.00166,47.725874

Babe Zaharias Golf Course-Port Arthur,TX.png
-93.980185,29.93939
-94.000185,29.94939
-93.96018500000001,29.94939
-93.96018500000001,29.929389999999998
-94.000185,29.929389999999998
-94.000185,29.94939

Babe Zaharias Golf Course-Tampa,FL.png
-82.472464,28.052036
-82.492464,28.062036000000003
-82.452464,28.062036000000003
-82.452464,28.042036
-82.492464,28.042036
-82.492464,28.062036000000003

Back Acres Country Club-Senatobia,MS.png
-89.939764,34.576383
-89.95976399999999,34.586383
-89.919764,34.586383
-89.919764,34.566383
-89.95976399999999,34.566383
-89.95976399999999,34.586383

Bacon Park Golf Course-Savannah,GA.png
-81.081642,32.006788
-81.101642,32.016788
-81.061642,32.016788
-81.061642,31.996788
-81.101642,31.996788
-81.101642,32.016788

Bailey Creek Golf Course-Lake Almanor,CA.png
-121.140473,40.291386
-121.160473,40.301386
-121.120473,40.301386
-121.120473,40.281386000000005
-121.160473,40.281386000000005
-121.160473,40.301386

Bailey Ranch Golf Club-Owasso,OK.png
-95.86403,36.282944
-95.88403,36.292944
-95.84403,36.292944
-95.84403,36.272944
-95.88403,36.272944
-95.88403,36.292944

Bainbridge Country Club-Bainbridge,GA.png
-84.591914,30.863614
-84.611914,30.873614
-84.571914,30.873614
-84.571914,30.853613999999997
-84.611914,30.853613999999997
-84.611914,30.873614

Baker National Golf Course-Medina,MN.png
-93.604473,45.030969
-93.624473,45.040969
-93.584473,45.040969
-93.584473,45.020969
-93.624473,45.020969
-93.624473,45.040969

Bala Golf Club-Philadelphia,PA.png
-75.218614,39.99595
-75.238614,40.00595
-75.198614,40.00595
-75.198614,39.98595
-75.238614,39.98595
-75.238614,40.00595

Balboa Park Golf Course-San Diego,CA.png
-117.136691,32.724447
-117.156691,32.734446999999996
-117.116691,32.734446999999996
-117.116691,32.714447
-117.156691,32.714447
-117.156691,32.734446999999996

Ballamor Golf Club-Egg Harbor Township,NJ.png
-74.64562,39.381023
-74.66561999999999,39.391023
-74.62562,39.391023
-74.62562,39.371023
-74.66561999999999,39.371023
-74.66561999999999,39.391023

Ballymeade Country Club-North Falmouth,MA.png
-70.600193,41.631259
-70.620193,41.641259
-70.58019300000001,41.641259
-70.58019300000001,41.621259
-70.620193,41.621259
-70.620193,41.641259

BanBury Golf Club-Eagle,ID.png
-116.360914,43.670432
-116.38091399999999,43.680431999999996
-116.340914,43.680431999999996
-116.340914,43.660432
-116.38091399999999,43.660432
-116.38091399999999,43.680431999999996

Bandon Crossings Golf Course-Bandon,OR.png
-124.412256,43.039603
-124.432256,43.049603
-124.392256,43.049603
-124.392256,43.029603
-124.432256,43.029603
-124.432256,43.049603

Bandon Dunes Golf Resort-Bandon,OR.png
-124.389922,43.188228
-124.409922,43.198228
-124.369922,43.198228
-124.369922,43.178228000000004
-124.409922,43.178228000000004
-124.409922,43.198228

Baneberry Golf  Resort Club-Baneberry,TN.png
-83.266809,36.040748
-83.28680899999999,36.050748
-83.246809,36.050748
-83.246809,36.030748
-83.28680899999999,36.030748
-83.28680899999999,36.050748

Barberton Brookside Country Club-Barberton,OH.png
-81.661967,41.032065
-81.681967,41.042065
-81.64196700000001,41.042065
-81.64196700000001,41.022065000000005
-81.681967,41.022065000000005
-81.681967,41.042065

Barefoot Bay Golf Course-Barefoot Bay,FL.png
-80.527324,27.889354
-80.54732399999999,27.899354000000002
-80.507324,27.899354000000002
-80.507324,27.879354
-80.54732399999999,27.879354
-80.54732399999999,27.899354000000002

Barefoot Resort and Golf Club-North Myrtle Beach,SC.png
-78.763954,33.800697
-78.783954,33.810697
-78.743954,33.810697
-78.743954,33.790697
-78.783954,33.790697
-78.783954,33.810697

Basking Ridge Country Club-Basking Ridge,NJ.png
-74.539242,40.719278
-74.559242,40.729278
-74.519242,40.729278
-74.519242,40.709278000000005
-74.559242,40.709278000000005
-74.559242,40.729278

Bass Rocks Golf Club-Gloucester,MA.png
-70.640696,42.6149
-70.660696,42.6249
-70.62069600000001,42.6249
-70.62069600000001,42.6049
-70.660696,42.6049
-70.660696,42.6249

Batesville Municipal Golf Course-Batesville,AR.png
-91.636614,35.758832
-91.65661399999999,35.768831999999996
-91.616614,35.768831999999996
-91.616614,35.748832
-91.65661399999999,35.748832
-91.65661399999999,35.768831999999996

Bath Country Club-Bath,ME.png
-69.852343,43.939934
-69.872343,43.949934
-69.83234300000001,43.949934
-69.83234300000001,43.929934
-69.872343,43.929934
-69.872343,43.949934

Bath Country Club-Bath,NY.png
-77.300592,42.341566
-77.32059199999999,42.351566
-77.280592,42.351566
-77.280592,42.331566
-77.32059199999999,42.331566
-77.32059199999999,42.351566

Baton Rouge Country Club-Baton Rouge,LA.png
-91.096505,30.419548
-91.11650499999999,30.429548
-91.076505,30.429548
-91.076505,30.409547999999997
-91.11650499999999,30.409547999999997
-91.11650499999999,30.429548

Battle Creek Country Club-Battle Creek,MI.png
-85.205656,42.28332
-85.225656,42.29332
-85.18565600000001,42.29332
-85.18565600000001,42.273320000000005
-85.225656,42.273320000000005
-85.225656,42.29332

Battlefield Golf Club-Chesapeake,VA.png
-76.183281,36.694025
-76.20328099999999,36.704025
-76.163281,36.704025
-76.163281,36.684025000000005
-76.20328099999999,36.684025000000005
-76.20328099999999,36.704025

Battlement Mesa Golf Course-Parachute,CO.png
-108.034439,39.45515
-108.054439,39.46515
-108.01443900000001,39.46515
-108.01443900000001,39.445150000000005
-108.054439,39.445150000000005
-108.054439,39.46515

Bavarian Hills Golf Course-Saint Marys,PA.png
-78.536505,41.445706
-78.556505,41.455706
-78.51650500000001,41.455706
-78.51650500000001,41.435706
-78.556505,41.435706
-78.556505,41.455706

Bay City Country Club-Bay City,MI.png
-83.954825,43.530122
-83.974825,43.540122
-83.934825,43.540122
-83.934825,43.520122
-83.974825,43.520122
-83.974825,43.540122

Bay Colony Golf Club-Naples,FL.png
-81.794294,26.264854
-81.81429399999999,26.274854
-81.774294,26.274854
-81.774294,26.254853999999998
-81.81429399999999,26.254853999999998
-81.81429399999999,26.274854

Bayonne Golf Club-Bayonne,NJ.png
-74.105051,40.666567
-74.125051,40.676567
-74.085051,40.676567
-74.085051,40.656567
-74.125051,40.656567
-74.125051,40.676567

Bayou Golf Club-McMinnville,OR.png
-123.209948,45.173284
-123.229948,45.183284
-123.189948,45.183284
-123.189948,45.163284000000004
-123.229948,45.163284000000004
-123.229948,45.183284

Bayou Golf Club-Texas City,TX.png
-94.976931,29.415847
-94.99693099999999,29.425847
-94.956931,29.425847
-94.956931,29.405846999999998
-94.99693099999999,29.405846999999998
-94.99693099999999,29.425847

Bayside Resort Golf Club-Selbyville,DE.png
-75.112137,38.465747
-75.132137,38.475747
-75.09213700000001,38.475747
-75.09213700000001,38.455747
-75.132137,38.455747
-75.132137,38.475747

Bayview Retirees Golf Course-Toledo,OH.png
-83.482525,41.692921
-83.50252499999999,41.702920999999996
-83.462525,41.702920999999996
-83.462525,41.682921
-83.50252499999999,41.682921
-83.50252499999999,41.702920999999996

Beacon Hill Country Club-Atlantic Highlands,NJ.png
-74.051544,40.404762
-74.071544,40.414761999999996
-74.03154400000001,40.414761999999996
-74.03154400000001,40.394762
-74.071544,40.394762
-74.071544,40.414761999999996

Bear Creek Golf Club-Denver,CO.png
-105.137071,39.667526
-105.157071,39.677526
-105.11707100000001,39.677526
-105.11707100000001,39.657526000000004
-105.157071,39.657526000000004
-105.157071,39.677526

Bear Lake County Highlands Golf Course-Bear Lake,MI.png
-86.151188,44.412349
-86.171188,44.422349
-86.13118800000001,44.422349
-86.13118800000001,44.402349
-86.171188,44.402349
-86.171188,44.422349

Bears Paw Country Club-Naples,FL.png
-81.774897,26.173515
-81.79489699999999,26.183515
-81.754897,26.183515
-81.754897,26.163514999999997
-81.79489699999999,26.163514999999997
-81.79489699999999,26.183515

Beaver Brook Golf Club-Annandale,NJ.png
-74.895516,40.632066
-74.915516,40.642066
-74.875516,40.642066
-74.875516,40.622066000000004
-74.915516,40.622066000000004
-74.915516,40.642066

Beaver Hills Country Club-Cedar Falls,IA.png
-92.515407,42.570323
-92.53540699999999,42.580323
-92.495407,42.580323
-92.495407,42.560323000000004
-92.53540699999999,42.560323000000004
-92.53540699999999,42.580323

Beavercreek Golf Club-Beavercreek,OH.png
-84.03514,39.769179
-84.05514,39.779179
-84.01514,39.779179
-84.01514,39.759179
-84.05514,39.759179
-84.05514,39.779179

Beckett Country Club-Woolwich Township,NJ.png
-75.32735,39.714121
-75.34734999999999,39.724121
-75.30735,39.724121
-75.30735,39.704121
-75.34734999999999,39.704121
-75.34734999999999,39.724121

Bedens Brook Club-Skillman,NJ.png
-74.719701,40.38638
-74.739701,40.39638
-74.699701,40.39638
-74.699701,40.376380000000005
-74.739701,40.376380000000005
-74.739701,40.39638

Bedford Hills Golf Club-Temperance,MI.png
-83.585425,41.733765
-83.605425,41.743764999999996
-83.565425,41.743764999999996
-83.565425,41.723765
-83.605425,41.723765
-83.605425,41.743764999999996

Beech Creek Golf Club-Sumter,SC.png
-80.534002,33.970872
-80.554002,33.980872
-80.514002,33.980872
-80.514002,33.960872
-80.554002,33.960872
-80.554002,33.980872

Beech Hollow Golf Course-Freeland,MI.png
-84.050946,43.516852
-84.07094599999999,43.526852
-84.030946,43.526852
-84.030946,43.506852
-84.07094599999999,43.506852
-84.07094599999999,43.526852

Bel Air Country Club-Los Angeles,CA.png
-118.45063,34.08003
-118.47063,34.09003
-118.43063000000001,34.09003
-118.43063000000001,34.07003
-118.47063,34.07003
-118.47063,34.09003

Belle Plaine Country Club-Belle Plaine,IA.png
-92.26858,41.904173
-92.28858,41.914173
-92.24858,41.914173
-92.24858,41.894173
-92.28858,41.894173
-92.28858,41.914173

Belleview Biltmore Golf Club-Belleair,FL.png
-82.808892,27.930661
-82.828892,27.940661000000002
-82.788892,27.940661000000002
-82.788892,27.920661
-82.828892,27.920661
-82.828892,27.940661000000002

Bellevue Golf Club-Melrose,MA.png
-71.047148,42.463084
-71.067148,42.473084
-71.02714800000001,42.473084
-71.02714800000001,42.453084000000004
-71.067148,42.453084000000004
-71.067148,42.473084

Belmont Country Club-Belmont,MA.png
-71.199575,42.408439
-71.21957499999999,42.418439
-71.179575,42.418439
-71.179575,42.398439
-71.21957499999999,42.398439
-71.21957499999999,42.418439

Belmont Hills Country Club-Saint Clairsville,OH.png
-80.943,40.073793
-80.963,40.083793
-80.923,40.083793
-80.923,40.063793000000004
-80.963,40.063793000000004
-80.963,40.083793

Bemidji Town  Country Club-Bemidji,MN.png
-94.840713,47.541275
-94.86071299999999,47.551275
-94.820713,47.551275
-94.820713,47.531275
-94.86071299999999,47.531275
-94.86071299999999,47.551275

Ben Lomond Golf Course-Ogden,UT.png
-111.991187,41.289808
-112.01118699999999,41.299808
-111.971187,41.299808
-111.971187,41.279808
-112.01118699999999,41.279808
-112.01118699999999,41.299808

Bensalem Country Club-Bensalem,PA.png
-74.949663,40.096862
-74.969663,40.106862
-74.929663,40.106862
-74.929663,40.086862
-74.969663,40.086862
-74.969663,40.106862

Bent Pine Golf Club-Whitehall,MI.png
-86.30318,43.333407
-86.32318,43.343407
-86.28318,43.343407
-86.28318,43.323407
-86.32318,43.323407
-86.32318,43.343407

Benton Golf  Country Club-Benton,KY.png
-88.359929,36.84512
-88.37992899999999,36.85512
-88.339929,36.85512
-88.339929,36.83512
-88.37992899999999,36.83512
-88.37992899999999,36.85512

Bentwood Golf Course-Ulysses,KS.png
-101.333079,37.566529
-101.353079,37.576529
-101.313079,37.576529
-101.313079,37.556529000000005
-101.353079,37.556529000000005
-101.353079,37.576529

Benvenue Country Club-Rocky Mount,NC.png
-77.819473,35.978442
-77.839473,35.988442
-77.799473,35.988442
-77.799473,35.968442
-77.839473,35.968442
-77.839473,35.988442

Bergen Golf Club-Springfield,IL.png
-89.612868,39.800162
-89.632868,39.810162
-89.59286800000001,39.810162
-89.59286800000001,39.790162
-89.632868,39.790162
-89.632868,39.810162

Bergen Point Golf Course-West Babylon,NY.png
-73.34207,40.68257
-73.36207,40.692569999999996
-73.32207000000001,40.692569999999996
-73.32207000000001,40.67257
-73.36207,40.67257
-73.36207,40.692569999999996

Berkeley Country Club-Moncks Corner,SC.png
-80.014445,33.1546
-80.03444499999999,33.1646
-79.994445,33.1646
-79.994445,33.144600000000004
-80.03444499999999,33.144600000000004
-80.03444499999999,33.1646

Berkshire Hills Golf Club-Chesterland,OH.png
-81.293398,41.52203
-81.31339799999999,41.53203
-81.273398,41.53203
-81.273398,41.51203
-81.31339799999999,41.51203
-81.31339799999999,41.53203

Bethlehem Golf Club-Bethlehem,PA.png
-75.384113,40.641579
-75.404113,40.651579
-75.364113,40.651579
-75.364113,40.631579
-75.404113,40.631579
-75.404113,40.651579

Bide A Wee Golf Course-Portsmouth,VA.png
-76.339739,36.804315
-76.35973899999999,36.814315
-76.319739,36.814315
-76.319739,36.794315000000005
-76.35973899999999,36.794315000000005
-76.35973899999999,36.814315

Big Met Golf Course-Fairview Park,OH.png
-81.840024,41.445099
-81.860024,41.455099
-81.820024,41.455099
-81.820024,41.435099
-81.860024,41.435099
-81.860024,41.455099

Big Run Golf Course-Lockport,IL.png
-88.037197,41.641154
-88.057197,41.651154
-88.01719700000001,41.651154
-88.01719700000001,41.631154
-88.057197,41.631154
-88.057197,41.651154

Big Sky of Montana Golf Course-Big Sky,MT.png
-111.302849,45.266045
-111.32284899999999,45.276044999999996
-111.282849,45.276044999999996
-111.282849,45.256045
-111.32284899999999,45.256045
-111.32284899999999,45.276044999999996

Big Spring Country Club-Big Spring,TX.png
-101.422683,32.209994
-101.442683,32.219994
-101.40268300000001,32.219994
-101.40268300000001,32.199994000000004
-101.442683,32.199994000000004
-101.442683,32.219994

Big Spring Country Club-Louisville,KY.png
-85.64688,38.228295
-85.66687999999999,38.238295
-85.62688,38.238295
-85.62688,38.218295000000005
-85.66687999999999,38.218295000000005
-85.66687999999999,38.238295

Big Sugar Golf Club-Pea Ridge,AR.png
-94.119635,36.421723
-94.139635,36.431723
-94.099635,36.431723
-94.099635,36.411723
-94.139635,36.411723
-94.139635,36.431723

Bill Roberts Municipal Golf Course-Helena,MT.png
-112.041216,46.60907
-112.061216,46.61907
-112.02121600000001,46.61907
-112.02121600000001,46.599070000000005
-112.061216,46.599070000000005
-112.061216,46.61907

Birchwood Farms Golf  Country Club-Harbor Springs,MI.png
-85.045171,45.463803
-85.06517099999999,45.473803
-85.025171,45.473803
-85.025171,45.453803
-85.06517099999999,45.453803
-85.06517099999999,45.473803

Birnam Wood Golf Club-Santa Barbara,CA.png
-119.611188,34.434834
-119.631188,34.444834
-119.591188,34.444834
-119.591188,34.424834000000004
-119.631188,34.424834000000004
-119.631188,34.444834

Bixby Village Golf Course-Long Beach,CA.png
-118.114366,33.769599
-118.134366,33.779599
-118.09436600000001,33.779599
-118.09436600000001,33.759599
-118.134366,33.759599
-118.134366,33.779599

Black Canyon Golf Club At Montrose-Montrose,CO.png
-107.854775,38.479808
-107.874775,38.489808
-107.83477500000001,38.489808
-107.83477500000001,38.469808
-107.874775,38.469808
-107.874775,38.489808

Black Gold Golf Course-Yorba Linda,CA.png
-117.823888,33.904358
-117.84388799999999,33.914358
-117.803888,33.914358
-117.803888,33.894358000000004
-117.84388799999999,33.894358000000004
-117.84388799999999,33.914358

Black Hall Club-Old Lyme,CT.png
-72.303062,41.294153
-72.323062,41.304153
-72.283062,41.304153
-72.283062,41.284153
-72.323062,41.284153
-72.323062,41.304153

Black Lake Golf Club-Onaway,MI.png
-84.267625,45.416766
-84.28762499999999,45.426766
-84.247625,45.426766
-84.247625,45.406766000000005
-84.28762499999999,45.406766000000005
-84.28762499999999,45.426766

Black Sheep Golf Club-Sugar Grove,IL.png
-88.430626,41.826995
-88.450626,41.836994999999995
-88.41062600000001,41.836994999999995
-88.41062600000001,41.816995
-88.450626,41.816995
-88.450626,41.836994999999995

Blackfoot Municipal Golf Course-Blackfoot,ID.png
-112.34188,43.219536
-112.36188,43.229535999999996
-112.32188000000001,43.229535999999996
-112.32188000000001,43.209536
-112.36188,43.209536
-112.36188,43.229535999999996

Blackhawk Country Club-Danville,CA.png
-121.916028,37.818743
-121.936028,37.828742999999996
-121.896028,37.828742999999996
-121.896028,37.808743
-121.936028,37.808743
-121.936028,37.828742999999996

Blacklick Woods Metro Golf Course-Reynoldsburg,OH.png
-82.801317,39.945748
-82.821317,39.955748
-82.781317,39.955748
-82.781317,39.935748000000004
-82.821317,39.935748000000004
-82.821317,39.955748

Blackmoor Golf Club-Murrells Inlet,SC.png
-79.072302,33.603204
-79.09230199999999,33.613203999999996
-79.052302,33.613203999999996
-79.052302,33.593204
-79.09230199999999,33.593204
-79.09230199999999,33.613203999999996

Blackstone National Golf Course-Sutton,MA.png
-71.770973,42.117579
-71.790973,42.127579
-71.750973,42.127579
-71.750973,42.107579
-71.790973,42.107579
-71.790973,42.127579

Blackthorn Golf Club-South Bend,IN.png
-86.334203,41.722433
-86.354203,41.732433
-86.314203,41.732433
-86.314203,41.712433000000004
-86.354203,41.712433000000004
-86.354203,41.732433

Blackwood Golf Course-Douglassville,PA.png
-75.743147,40.245489
-75.76314699999999,40.255489
-75.723147,40.255489
-75.723147,40.235489
-75.76314699999999,40.235489
-75.76314699999999,40.255489

Blessings Golf Club-Fayetteville,AR.png
-94.201823,36.13177
-94.221823,36.14177
-94.18182300000001,36.14177
-94.18182300000001,36.121770000000005
-94.221823,36.121770000000005
-94.221823,36.14177

Bloomfield Hills Country Club-Bloomfield Hills,MI.png
-83.258054,42.581883
-83.278054,42.591882999999996
-83.238054,42.591882999999996
-83.238054,42.571883
-83.278054,42.571883
-83.278054,42.591882999999996

Blooming Prairie Country Club-Blooming Prairie,MN.png
-93.083529,43.92107
-93.103529,43.93107
-93.063529,43.93107
-93.063529,43.91107
-93.103529,43.91107
-93.103529,43.93107

Bloomingdale Golfers Club-Valrico,FL.png
-82.259493,27.876477
-82.279493,27.886477000000003
-82.23949300000001,27.886477000000003
-82.23949300000001,27.866477
-82.279493,27.866477
-82.279493,27.886477000000003

Blue Hills Country Club-Kansas City,MO.png
-94.604112,38.899147
-94.624112,38.909147
-94.584112,38.909147
-94.584112,38.889147
-94.624112,38.889147
-94.624112,38.909147

Blue Ridge Country Club-Palmerton,PA.png
-75.631049,40.807604
-75.651049,40.817603999999996
-75.61104900000001,40.817603999999996
-75.61104900000001,40.797604
-75.651049,40.797604
-75.651049,40.817603999999996

Blues Creek Golf Course-Marysville,OH.png
-83.336022,40.302659
-83.356022,40.312659
-83.316022,40.312659
-83.316022,40.292659
-83.356022,40.292659
-83.356022,40.312659

Bluff Creek Golf Club-Chaska,MN.png
-93.543748,44.820781
-93.56374799999999,44.830780999999995
-93.523748,44.830780999999995
-93.523748,44.810781
-93.56374799999999,44.810781
-93.56374799999999,44.830780999999995

Blythefield Country Club-Belmont,MI.png
-85.580019,43.068479
-85.60001899999999,43.078479
-85.560019,43.078479
-85.560019,43.058479000000005
-85.60001899999999,43.058479000000005
-85.60001899999999,43.078479

Bobcat Trail Golf Club-North Port,FL.png
-82.150071,27.04806
-82.170071,27.05806
-82.130071,27.05806
-82.130071,27.038059999999998
-82.170071,27.038059999999998
-82.170071,27.05806

Boca Royale Golf  Country Club-Englewood,FL.png
-82.371895,26.995116
-82.39189499999999,27.005116
-82.351895,27.005116
-82.351895,26.985115999999998
-82.39189499999999,26.985115999999998
-82.39189499999999,27.005116

Bogey Hills Golf  Country Club-Saint Charles,MO.png
-90.538428,38.784907
-90.55842799999999,38.794906999999995
-90.518428,38.794906999999995
-90.518428,38.774907
-90.55842799999999,38.774907
-90.55842799999999,38.794906999999995

Bois De Sioux Golf Course-Wahpeton,ND.png
-96.602816,46.278304
-96.622816,46.288304
-96.58281600000001,46.288304
-96.58281600000001,46.268304
-96.622816,46.268304
-96.622816,46.288304

Bonnie Brook Golf Course-Waukegan,IL.png
-87.855175,42.403516
-87.875175,42.413516
-87.835175,42.413516
-87.835175,42.393516000000005
-87.875175,42.393516000000005
-87.875175,42.413516

Bos Landen Golf Club-Pella,IA.png
-92.949329,41.392372
-92.969329,41.402372
-92.92932900000001,41.402372
-92.92932900000001,41.382372000000004
-92.969329,41.382372000000004
-92.969329,41.402372

Boulder City Municipal Golf Course-Boulder City,NV.png
-114.843827,35.958546
-114.863827,35.968545999999996
-114.82382700000001,35.968545999999996
-114.82382700000001,35.948546
-114.863827,35.948546
-114.863827,35.968545999999996

Boulder Creek Golf Club-Boulder City,NV.png
-114.859497,35.960795
-114.879497,35.970794999999995
-114.83949700000001,35.970794999999995
-114.83949700000001,35.950795
-114.879497,35.950795
-114.879497,35.970794999999995

Bowlers Country Club-South Bend,IN.png
-86.351293,41.682053
-86.371293,41.692053
-86.331293,41.692053
-86.331293,41.672053000000005
-86.371293,41.672053000000005
-86.371293,41.692053

Brae Burn Country Club-Purchase,NY.png
-73.733999,41.04897
-73.753999,41.058969999999995
-73.713999,41.058969999999995
-73.713999,41.03897
-73.753999,41.03897
-73.753999,41.058969999999995

Braemar Golf Course-Edina,MN.png
-93.383147,44.868073
-93.40314699999999,44.878073
-93.363147,44.878073
-93.363147,44.858073000000005
-93.40314699999999,44.858073000000005
-93.40314699999999,44.878073

Brainerd Golf Course-Chattanooga,TN.png
-85.221407,35.014962
-85.241407,35.024961999999995
-85.201407,35.024961999999995
-85.201407,35.004962
-85.241407,35.004962
-85.241407,35.024961999999995

Brandywine Country Club-Wilmington,DE.png
-75.536129,39.818451
-75.556129,39.828451
-75.516129,39.828451
-75.516129,39.808451000000005
-75.556129,39.808451000000005
-75.556129,39.828451

Breckenridge Golf Club-Breckenridge,CO.png
-106.033614,39.524415
-106.053614,39.534414999999996
-106.013614,39.534414999999996
-106.013614,39.514415
-106.053614,39.514415
-106.053614,39.534414999999996

Brenham Country Club-Brenham,TX.png
-96.356273,30.20217
-96.376273,30.21217
-96.336273,30.21217
-96.336273,30.192169999999997
-96.376273,30.192169999999997
-96.376273,30.21217

Brentwood Country Club-Beaumont,TX.png
-94.189153,30.030556
-94.209153,30.040556000000002
-94.16915300000001,30.040556000000002
-94.16915300000001,30.020556
-94.209153,30.020556
-94.209153,30.040556000000002

Breton Bay Country Club-Leonardtown,MD.png
-76.663732,38.271082
-76.68373199999999,38.281082
-76.643732,38.281082
-76.643732,38.261082
-76.68373199999999,38.261082
-76.68373199999999,38.281082

Briar Creek Golf Course-Duanesburg,NY.png
-74.034528,42.767155
-74.05452799999999,42.777155
-74.014528,42.777155
-74.014528,42.757155000000004
-74.05452799999999,42.757155000000004
-74.05452799999999,42.777155

Briarbrook Country Club-Carl Junction,MO.png
-94.53967,37.159992
-94.55967,37.169992
-94.51967,37.169992
-94.51967,37.149992000000005
-94.55967,37.149992000000005
-94.55967,37.169992

Briarwood Country Club-Deerfield,IL.png
-87.837462,42.16719
-87.857462,42.177189999999996
-87.817462,42.177189999999996
-87.817462,42.15719
-87.857462,42.15719
-87.857462,42.177189999999996

Briarwood Golf Course-Ankeny,IA.png
-93.59364,41.760162
-93.61363999999999,41.770162
-93.57364,41.770162
-93.57364,41.750162
-93.61363999999999,41.750162
-93.61363999999999,41.770162

Brier Creek Country Club-Raleigh,NC.png
-78.798188,35.907097
-78.81818799999999,35.917097
-78.778188,35.917097
-78.778188,35.897097
-78.81818799999999,35.897097
-78.81818799999999,35.917097

Brighton Park Golf Course-Tonawanda,NY.png
-78.844281,43.004714
-78.86428099999999,43.014714
-78.824281,43.014714
-78.824281,42.994714
-78.86428099999999,42.994714
-78.86428099999999,43.014714

Britton Country Club-Britton,SD.png
-97.729534,45.802805
-97.749534,45.812805
-97.709534,45.812805
-97.709534,45.792805
-97.749534,45.792805
-97.749534,45.812805

Brock Park Golf Course-Houston,TX.png
-95.227281,29.842607
-95.247281,29.852607000000003
-95.20728100000001,29.852607000000003
-95.20728100000001,29.832607
-95.247281,29.832607
-95.247281,29.852607000000003

Brockton Country Club-Brockton,MA.png
-71.022961,42.047242
-71.04296099999999,42.057241999999995
-71.002961,42.057241999999995
-71.002961,42.037242
-71.04296099999999,42.037242
-71.04296099999999,42.057241999999995

Broken Tee Golf Course-Englewood,CO.png
-105.013105,39.642966
-105.03310499999999,39.652966
-104.993105,39.652966
-104.993105,39.632966
-105.03310499999999,39.632966
-105.03310499999999,39.652966

Brook Lea Country Club-Rochester,NY.png
-77.710259,43.130463
-77.73025899999999,43.140463
-77.690259,43.140463
-77.690259,43.120463
-77.73025899999999,43.120463
-77.73025899999999,43.140463

Brookhill Golf Course-Rantoul,IL.png
-88.136295,40.333104
-88.156295,40.343104
-88.11629500000001,40.343104
-88.11629500000001,40.323104
-88.156295,40.323104
-88.156295,40.343104

Brookings Country Club-Brookings,SD.png
-96.835328,44.210052
-96.855328,44.220051999999995
-96.81532800000001,44.220051999999995
-96.81532800000001,44.200052
-96.855328,44.200052
-96.855328,44.220051999999995

Brookside Golf Course-Pasadena,CA.png
-118.166598,34.164608
-118.18659799999999,34.174608
-118.146598,34.174608
-118.146598,34.154608
-118.18659799999999,34.154608
-118.18659799999999,34.174608

Bryden Canyon Golf Course-Lewiston,ID.png
-117.022053,46.379567
-117.042053,46.389567
-117.002053,46.389567
-117.002053,46.369567
-117.042053,46.369567
-117.042053,46.389567

Buckhorn Golf Course-Comfort,TX.png
-98.891905,29.971399
-98.91190499999999,29.981399000000003
-98.871905,29.981399000000003
-98.871905,29.961399
-98.91190499999999,29.961399
-98.91190499999999,29.981399000000003

Buena Vista Golf Course-DeKalb,IL.png
-88.738488,41.95691
-88.758488,41.96691
-88.71848800000001,41.96691
-88.71848800000001,41.94691
-88.758488,41.94691
-88.758488,41.96691

Bull Creek Golf and Country Club-Louisburg,NC.png
-78.204292,36.094496
-78.22429199999999,36.104496
-78.184292,36.104496
-78.184292,36.084496
-78.22429199999999,36.084496
-78.22429199999999,36.104496

Bunker Hill Golf Course-Dubuque,IA.png
-90.700636,42.508068
-90.720636,42.518068
-90.680636,42.518068
-90.680636,42.498068
-90.720636,42.498068
-90.720636,42.518068

Bunker Hill Country Club-Brush,CO.png
-103.649259,40.261682
-103.669259,40.271682
-103.629259,40.271682
-103.629259,40.251682
-103.669259,40.251682
-103.669259,40.271682

Bulls Bay Golf Club-Awendaw,SC.png
-79.719052,32.905911
-79.739052,32.915911
-79.69905200000001,32.915911
-79.69905200000001,32.895911000000005
-79.739052,32.895911000000005
-79.739052,32.915911

Arrowhead Country Club-Jasper,GA.png
-84.404921,34.444997
-84.424921,34.454997
-84.384921,34.454997
-84.384921,34.434997
-84.424921,34.434997
-84.424921,34.454997

Bardstown Country Club At Woodlawn Springs-Bardstown,KY.png
-85.405739,37.821188
-85.425739,37.831188
-85.385739,37.831188
-85.385739,37.811188
-85.425739,37.811188
-85.425739,37.831188

Bay Hills Golf Club-Arnold,MD.png
-76.478361,39.045591
-76.498361,39.055591
-76.45836100000001,39.055591
-76.45836100000001,39.035591000000004
-76.498361,39.035591000000004
-76.498361,39.055591

Bill  Payne Stewart Golf Course-Springfield,MO.png
-93.260265,37.250997
-93.280265,37.260996999999996
-93.24026500000001,37.260996999999996
-93.24026500000001,37.240997
-93.280265,37.240997
-93.280265,37.260996999999996

Bunker Hills Golf Course-Coon Rapids,MN.png
-93.285108,45.201006
-93.30510799999999,45.211006
-93.265108,45.211006
-93.265108,45.191006
-93.30510799999999,45.191006
-93.30510799999999,45.211006

Cairo Country Club-Cairo,GA.png
-84.227919,30.90279
-84.247919,30.91279
-84.207919,30.91279
-84.207919,30.892789999999998
-84.247919,30.892789999999998
-84.247919,30.91279

California Golf Course-Cincinnati,OH.png
-84.423208,39.064738
-84.443208,39.074737999999996
-84.403208,39.074737999999996
-84.403208,39.054738
-84.443208,39.054738
-84.443208,39.074737999999996

Camden Country Club-Camden,SC.png
-80.618698,34.272822
-80.63869799999999,34.282821999999996
-80.598698,34.282821999999996
-80.598698,34.262822
-80.63869799999999,34.262822
-80.63869799999999,34.282821999999996

Cameron Memorial Golf Course-Cameron,MO.png
-94.243213,39.731373
-94.263213,39.741372999999996
-94.223213,39.741372999999996
-94.223213,39.721373
-94.263213,39.721373
-94.263213,39.741372999999996

Canongate At Magnolia Creek Golf Course-League City,TX.png
-95.145452,29.476906
-95.165452,29.486906
-95.12545200000001,29.486906
-95.12545200000001,29.466905999999998
-95.165452,29.466905999999998
-95.165452,29.486906

Canyon Springs Golf Course-Twin Falls,ID.png
-114.477599,42.60021
-114.497599,42.610209999999995
-114.457599,42.610209999999995
-114.457599,42.59021
-114.497599,42.59021
-114.497599,42.610209999999995

Cape Fear Country Club-Wilmington,NC.png
-77.916017,34.220794
-77.93601699999999,34.230793999999996
-77.896017,34.230793999999996
-77.896017,34.210794
-77.93601699999999,34.210794
-77.93601699999999,34.230793999999996

Capital City Country Club-Tallahassee,FL.png
-84.276188,30.427131
-84.296188,30.437131
-84.25618800000001,30.437131
-84.25618800000001,30.417130999999998
-84.296188,30.417130999999998
-84.296188,30.437131

Carthage Municipal Golf Course-Carthage,MO.png
-94.342156,37.173147
-94.362156,37.183147
-94.322156,37.183147
-94.322156,37.163147
-94.362156,37.163147
-94.362156,37.183147

Cascata-Boulder City,NV.png
-114.893318,35.970888
-114.91331799999999,35.980888
-114.873318,35.980888
-114.873318,35.960888000000004
-114.91331799999999,35.960888000000004
-114.91331799999999,35.980888

Cascades Golf Course-Bloomington,IN.png
-86.5432,39.20114
-86.5632,39.21114
-86.5232,39.21114
-86.5232,39.191140000000004
-86.5632,39.191140000000004
-86.5632,39.21114

Bear Creek Golf Club-Wentzville,MO.png
-90.897357,38.818312
-90.917357,38.828312
-90.877357,38.828312
-90.877357,38.808312
-90.917357,38.808312
-90.917357,38.828312

Cedar Brook Club Inc-Glen Head,NY.png
-73.600966,40.838234
-73.620966,40.848234
-73.580966,40.848234
-73.580966,40.828234
-73.620966,40.828234
-73.620966,40.848234

Cedar Crest Golf Course-Dallas,TX.png
-96.797386,32.723654
-96.817386,32.733654
-96.777386,32.733654
-96.777386,32.713654000000005
-96.817386,32.713654000000005
-96.817386,32.733654

Cedar Valley Golf Club-Comins,MI.png
-84.030516,44.793498
-84.050516,44.803498
-84.01051600000001,44.803498
-84.01051600000001,44.783498
-84.050516,44.783498
-84.050516,44.803498

Chagrin Valley Country Club-Chagrin Falls,OH.png
-81.444015,41.429799
-81.46401499999999,41.439799
-81.424015,41.439799
-81.424015,41.419799000000005
-81.46401499999999,41.419799000000005
-81.46401499999999,41.439799

Chalk Mountain Golf Course-Atascadero,CA.png
-120.640851,35.46895
-120.660851,35.47895
-120.620851,35.47895
-120.620851,35.45895
-120.660851,35.45895
-120.660851,35.47895

Championship Golf Course At University of New Mexi-Albuquerque,NM.png
-106.629535,35.032958
-106.649535,35.042958
-106.60953500000001,35.042958
-106.60953500000001,35.022958
-106.649535,35.022958
-106.649535,35.042958

Chandler Park Golf Club-Detroit,MI.png
-82.972883,42.396636
-82.99288299999999,42.406636
-82.952883,42.406636
-82.952883,42.386636
-82.99288299999999,42.386636
-82.99288299999999,42.406636

Chapel Hill Golf Course-Reading,PA.png
-76.03371,40.264713
-76.05371,40.274713
-76.01371,40.274713
-76.01371,40.254713
-76.05371,40.254713
-76.05371,40.274713

Charleston Springs Golf Course-Manalapan,NJ.png
-74.361335,40.218834
-74.38133499999999,40.228834
-74.341335,40.228834
-74.341335,40.208834
-74.38133499999999,40.208834
-74.38133499999999,40.228834

Chartwell Golf  Country Club-Severna Park,MD.png
-76.603797,39.095616
-76.623797,39.105616
-76.583797,39.105616
-76.583797,39.085616
-76.623797,39.085616
-76.623797,39.105616

Cherokee Ridge Golf Club-Colorado Springs,CO.png
-104.712074,38.857927
-104.732074,38.867926999999995
-104.692074,38.867926999999995
-104.692074,38.847927
-104.732074,38.847927
-104.732074,38.867926999999995

Cherokee Village South Course-Cherokee Village,AR.png
-91.595674,36.288613
-91.615674,36.298612999999996
-91.575674,36.298612999999996
-91.575674,36.278613
-91.615674,36.278613
-91.615674,36.298612999999996

Chestnut Hill Country Club-Darien Center,NY.png
-78.391874,42.901048
-78.411874,42.911048
-78.371874,42.911048
-78.371874,42.891048000000005
-78.411874,42.891048000000005
-78.411874,42.911048

Chicago Golf Club-Wheaton,IL.png
-88.115759,41.850324
-88.135759,41.860324
-88.095759,41.860324
-88.095759,41.840324
-88.135759,41.840324
-88.135759,41.860324

Chikaming Country Club-Lakeside,MI.png
-86.667891,41.84735
-86.687891,41.85735
-86.647891,41.85735
-86.647891,41.83735
-86.687891,41.83735
-86.687891,41.85735

Chippewa Golf Club-Curtice,OH.png
-83.387267,41.602359
-83.40726699999999,41.612359
-83.367267,41.612359
-83.367267,41.592359
-83.40726699999999,41.592359
-83.40726699999999,41.612359

Chowan Golf  Country Club-Edenton,NC.png
-76.546274,36.011549
-76.56627399999999,36.021549
-76.526274,36.021549
-76.526274,36.001549000000004
-76.56627399999999,36.001549000000004
-76.56627399999999,36.021549

Cimarron Trails Golf Club-Perkins,OK.png
-97.024982,35.98487
-97.04498199999999,35.99487
-97.004982,35.99487
-97.004982,35.97487
-97.04498199999999,35.97487
-97.04498199999999,35.99487

Clear Creek Tahoe-Minden,NV.png
-119.839552,39.106003
-119.859552,39.116003
-119.819552,39.116003
-119.819552,39.096003
-119.859552,39.096003
-119.859552,39.116003

Clearwater Executive Golf Course-Clearwater,FL.png
-82.759952,27.971628
-82.779952,27.981628
-82.739952,27.981628
-82.739952,27.961627999999997
-82.779952,27.961627999999997
-82.779952,27.981628

Clinton Country Club-Clinton,MO.png
-93.713156,38.379865
-93.733156,38.389865
-93.693156,38.389865
-93.693156,38.369865000000004
-93.733156,38.369865000000004
-93.733156,38.389865

Clinton Heights Golf Course-Tiffin,OH.png
-83.118401,41.138713
-83.138401,41.148713
-83.09840100000001,41.148713
-83.09840100000001,41.128713000000005
-83.138401,41.128713000000005
-83.138401,41.148713

Club At Creighton Farms-Aldie,VA.png
-77.617504,38.992195
-77.63750399999999,39.002195
-77.597504,39.002195
-77.597504,38.982195000000004
-77.63750399999999,38.982195000000004
-77.63750399999999,39.002195

Coal Creek Golf Course-Louisville,CO.png
-105.152525,39.958
-105.172525,39.967999999999996
-105.132525,39.967999999999996
-105.132525,39.948
-105.172525,39.948
-105.172525,39.967999999999996

Cobble Hill Golf Course-Elizabethtown,NY.png
-73.599559,44.21195
-73.619559,44.22195
-73.579559,44.22195
-73.579559,44.201950000000004
-73.619559,44.201950000000004
-73.619559,44.22195

Cobbossee Colony Golf Course-Monmouth,ME.png
-69.956877,44.219993
-69.976877,44.229993
-69.93687700000001,44.229993
-69.93687700000001,44.209993000000004
-69.976877,44.209993000000004
-69.976877,44.229993

Coffin Golf Club-Indianapolis,IN.png
-86.202972,39.800834
-86.222972,39.810834
-86.182972,39.810834
-86.182972,39.790834000000004
-86.222972,39.790834000000004
-86.222972,39.810834

Colonial Golfers Club-Harrod,OH.png
-83.897464,40.732509
-83.917464,40.742509
-83.877464,40.742509
-83.877464,40.722509
-83.917464,40.722509
-83.917464,40.742509

Colorado Golf Club-Parker,CO.png
-104.733778,39.476827
-104.753778,39.486827
-104.713778,39.486827
-104.713778,39.466827
-104.753778,39.466827
-104.753778,39.486827

Continental Golf Course-Scottsdale,AZ.png
-111.910229,33.487726
-111.930229,33.497726
-111.890229,33.497726
-111.890229,33.477726000000004
-111.930229,33.477726000000004
-111.930229,33.497726

Cookeville Golf Club-Cookeville,TN.png
-85.474741,36.182422
-85.49474099999999,36.192422
-85.454741,36.192422
-85.454741,36.172422000000005
-85.49474099999999,36.172422000000005
-85.49474099999999,36.192422

Copper Ridge Golf Club-Davison,MI.png
-83.536692,42.990902
-83.556692,43.000901999999996
-83.516692,43.000901999999996
-83.516692,42.980902
-83.556692,42.980902
-83.556692,43.000901999999996

Coral Canyon Golf Course-Washington,UT.png
-113.447613,37.157481
-113.467613,37.167480999999995
-113.42761300000001,37.167480999999995
-113.42761300000001,37.147481
-113.467613,37.147481
-113.467613,37.167480999999995

Coral Ridge Country Club-Fort Lauderdale,FL.png
-80.106669,26.175966
-80.12666899999999,26.185966
-80.086669,26.185966
-80.086669,26.165965999999997
-80.12666899999999,26.165965999999997
-80.12666899999999,26.185966

CordeValle Golf Club-San Martin,CA.png
-121.633087,37.067913
-121.653087,37.077912999999995
-121.61308700000001,37.077912999999995
-121.61308700000001,37.057913
-121.653087,37.057913
-121.653087,37.077912999999995

Cordova Golf Course-Sacramento,CA.png
-121.346652,38.532264
-121.366652,38.542263999999996
-121.32665200000001,38.542263999999996
-121.32665200000001,38.522264
-121.366652,38.522264
-121.366652,38.542263999999996

Coronado Country Club-El Paso,TX.png
-106.515558,31.851529
-106.535558,31.861529
-106.495558,31.861529
-106.495558,31.841528999999998
-106.535558,31.841528999999998
-106.535558,31.861529

Correctionville Golf Course-Correctionville,IA.png
-95.780733,42.483957
-95.800733,42.493956999999995
-95.760733,42.493956999999995
-95.760733,42.473957
-95.800733,42.473957
-95.800733,42.493956999999995

Cortez Golf Course-Hot Springs Village,AR.png
-92.985694,34.699148
-93.00569399999999,34.709148
-92.965694,34.709148
-92.965694,34.689148
-93.00569399999999,34.689148
-93.00569399999999,34.709148

Corvallis Country Club-Corvallis,OR.png
-123.29309,44.54676
-123.31309,44.55676
-123.27309000000001,44.55676
-123.27309000000001,44.53676
-123.31309,44.53676
-123.31309,44.55676

Country Club of Billerica-Billerica,MA.png
-71.237478,42.554963
-71.25747799999999,42.564963
-71.217478,42.564963
-71.217478,42.544963
-71.25747799999999,42.544963
-71.25747799999999,42.564963

Country Club of Decatur-Decatur,IL.png
-88.88805,39.844548
-88.90805,39.854548
-88.86805000000001,39.854548
-88.86805000000001,39.834548000000005
-88.90805,39.834548000000005
-88.90805,39.854548

Country Club of Halifax-Halifax,MA.png
-70.848488,41.991162
-70.868488,42.001162
-70.82848800000001,42.001162
-70.82848800000001,41.981162000000005
-70.868488,41.981162000000005
-70.868488,42.001162

Country Club of Indianapolis-Indianapolis,IN.png
-86.307769,39.805618
-86.32776899999999,39.815618
-86.287769,39.815618
-86.287769,39.795618000000005
-86.32776899999999,39.795618000000005
-86.32776899999999,39.815618

Country Club of Jackson-Jackson,MS.png
-90.100759,32.397525
-90.12075899999999,32.407525
-90.080759,32.407525
-90.080759,32.387525000000004
-90.12075899999999,32.387525000000004
-90.12075899999999,32.407525

Country Club of New Bedford-North Dartmouth,MA.png
-70.97268,41.640928
-70.99268,41.650928
-70.95268,41.650928
-70.95268,41.630928000000004
-70.99268,41.630928000000004
-70.99268,41.650928

Country Club of the Poconos-Marshalls Creek,PA.png
-75.136897,41.047987
-75.156897,41.057987
-75.11689700000001,41.057987
-75.11689700000001,41.037987
-75.156897,41.037987
-75.156897,41.057987

Country Meadows Golf Club-Peoria,AZ.png
-112.289644,33.557227
-112.30964399999999,33.567226999999995
-112.269644,33.567226999999995
-112.269644,33.547227
-112.30964399999999,33.547227
-112.30964399999999,33.567226999999995

Covington Country Club-Covington,LA.png
-90.101252,30.416207
-90.121252,30.426207
-90.081252,30.426207
-90.081252,30.406207
-90.121252,30.406207
-90.121252,30.426207

Coyote del Malpais Golf Course-Grants,NM.png
-107.804181,35.146583
-107.824181,35.156583
-107.784181,35.156583
-107.784181,35.136583
-107.824181,35.136583
-107.824181,35.156583

Coyote Preserve Golf Club-Fenton,MI.png
-83.776832,42.76081
-83.796832,42.77081
-83.756832,42.77081
-83.756832,42.75081
-83.796832,42.75081
-83.796832,42.77081

Crystal Woods Golf Club-Woodstock,IL.png
-88.422578,42.2419
-88.442578,42.2519
-88.402578,42.2519
-88.402578,42.2319
-88.442578,42.2319
-88.442578,42.2519

Cypress Lakes Golf Course-Vacaville,CA.png
-121.915501,38.322682
-121.935501,38.332682
-121.89550100000001,38.332682
-121.89550100000001,38.312682
-121.935501,38.312682
-121.935501,38.332682

Cypress Lakes Golf  Country Club-Muscle Shoals,AL.png
-87.659718,34.730226
-87.679718,34.740226
-87.639718,34.740226
-87.639718,34.720226000000004
-87.679718,34.720226000000004
-87.679718,34.740226

Country Club of Buffalo-Williamsville,NY.png
-78.724707,42.969145
-78.74470699999999,42.979144999999995
-78.704707,42.979144999999995
-78.704707,42.959145
-78.74470699999999,42.959145
-78.74470699999999,42.979144999999995

Deerwood Country Club-Westampton,NJ.png
-74.794399,40.010933
-74.814399,40.020933
-74.774399,40.020933
-74.774399,40.000933
-74.814399,40.000933
-74.814399,40.020933

Dennis Highland Golf Course-Dennis,MA.png
-70.181237,41.731472
-70.20123699999999,41.741471999999995
-70.161237,41.741471999999995
-70.161237,41.721472
-70.20123699999999,41.721472
-70.20123699999999,41.741471999999995

Detwiler Park Golf Course-Toledo,OH.png
-83.481696,41.693963
-83.501696,41.703962999999995
-83.461696,41.703962999999995
-83.461696,41.683963
-83.501696,41.683963
-83.501696,41.703962999999995

Diamond Back Golf Club-Abilene,TX.png
-99.692948,32.401581
-99.712948,32.411581
-99.672948,32.411581
-99.672948,32.391581
-99.712948,32.391581
-99.712948,32.411581

Diablo Country Club-Diablo,CA.png
-121.958615,37.836663
-121.97861499999999,37.846663
-121.938615,37.846663
-121.938615,37.826663
-121.97861499999999,37.826663
-121.97861499999999,37.846663

Diamond Hawk Golf Course-Cheektowaga,NY.png
-78.714672,42.92841
-78.73467199999999,42.93841
-78.694672,42.93841
-78.694672,42.91841
-78.73467199999999,42.91841
-78.73467199999999,42.93841

Discovery Bay Country Club-Discovery Bay,CA.png
-121.593697,37.894197
-121.613697,37.904196999999996
-121.57369700000001,37.904196999999996
-121.57369700000001,37.884197
-121.613697,37.884197
-121.613697,37.904196999999996

Dos Lagos Golf Club-Anthony,NM.png
-106.598618,32.019175
-106.618618,32.029174999999995
-106.578618,32.029174999999995
-106.578618,32.009175
-106.618618,32.009175
-106.618618,32.029174999999995

Double Eagle Club-Galena,OH.png
-82.947027,40.238374
-82.967027,40.248374
-82.92702700000001,40.248374
-82.92702700000001,40.228374
-82.967027,40.228374
-82.967027,40.248374

Doubletree Golf Resort-San Diego,CA.png
-117.091142,32.978265
-117.111142,32.988265
-117.07114200000001,32.988265
-117.07114200000001,32.968265
-117.111142,32.968265
-117.111142,32.988265

Douglas Golf  Country Club-Douglas,GA.png
-82.836099,31.522764
-82.856099,31.532764
-82.81609900000001,31.532764
-82.81609900000001,31.512763999999997
-82.856099,31.512763999999997
-82.856099,31.532764

